0
2
27 10 2561
0 0 o31j0v 9458
0 0 l10080 79642
0 0 z2cngn 9458
2 0 6
0 1 z8honh 92219
0 1 xpnz8x 24244
0 0 1xz23m 31745
0 0 dq8tog 5983
0 0 dtsvtq 79642
0 0 fwojih 79642
0 1 jqlp1j 49375
0 0 3yobgl 31745
0 1 lljs9z 62471
1 wu2kqy
0 0 pve1wl 11668
0 0 m4zbp1 6386
0 1 plwt3x 71316
0 0 c1oaae 79642
0 0 jd1s6g 25796
1 5uk54k
2 0 6
2 0 7
0 1 lsgryr 65368
0 0 4pbydl 25796
0 1 7orbyg 55232
0 0 fwl17j 79642
0 1 oudzdf 92219
0 0 vdb906 31745
2 0 2
0 0 pxkdga 5983
0 0 1mp7l5 6386
0 0 80q2mi 17873
0 1 yeu45x 38324
0 0 ah2606 31745
0 0 s92i9q 17873
1 soz3as
0 1 lo7nr7 77844
0 0 2spjeo 5983
0 1 r6n8vv 40757
0 1 zddx4c 161
0 1 yeu45x 7258
0 1 3nwhs4 92219
1 8iwgh0
0 1 kjfhny 161
0 1 9ctlw3 92627
0 0 6e0084 20263
0 1 ih3vmu 54402
0 1 nij64m 2054
0 0 4dw995 6386
0 0 ad1gpm 20263
0 1 227huf 49375
0 0 2u1d67 25796
0 1 tyzf8x 40757
0 0 1w3tg2 52415
0 0 zoolqr 9458
0 0 q6z6vn 79642
0 0 ba8jn3 20263
0 0 3qzzcn 17873
1 7xr74c
0 0 vphy5j 6386
1 2hlxgu
2 0 2
0 1 7taa8w 49375
2 0 7
0 0 mw2x3h 79642
1 ugaldz
0 1 lhuq8t 51815
0 1 1jado5 38324
0 1 r7154e 71316
0 0 hmtfmy 20263
0 1 nq3e6f 40333
0 1 mr54qb 21569
0 0 uwy35r 11668
0 1 c0g31b 33732
1 iqre9e
0 0 ek8gnf 25796
1 dkrt9i
1 x3wvzx
2 0 5
0 0 68abyo 25796
0 1 kukftx 55232
0 0 evtbkk 6386
0 1 wkkyqq 7258
0 0 mnwqo2 17873
0 1 91nnzg 34590
0 1 sxxczj 2054
1 3qzzcn
2 1 8
0 1 5ew341 92627
0 1 36lshv 49686
0 0 am32st 31745
0 0 7ow2em 20263
2 0 10
0 1 qifcf2 92219
0 1 68pnkp 24244
2 0 1
0 1 2jqfzz 13798
0 1 2c1yg9 71316
0 0 ga9vud 20263
0 0 crmad5 25796
0 0 c0xhcs 11668
1 6pn6qk
0 1 au51u0 97197
1 y1l2vr
0 0 4oifff 9458
2 1 15
0 1 rn81jz 42675
0 1 v601py 67307
0 1 dwdgac 21569
1 z29578
0 1 5hqfvs 2054
2 1 4
1 knex9n
1 z29578
0 1 22q757 51815
1 rx2mwb
0 0 ru1g7x 25796
0 0 hizk2q 31745
2 0 1
2 0 2
0 0 infx99 31745
0 1 q5uzyq 34590
2 1 22
2 1 24
0 1 lyulfn 40757
0 0 78rdq7 6386
0 0 6964bi 20263
2 0 1
0 1 gu126s 77844
0 1 3j2uwh 62471
0 1 r1d9bc 21569
0 1 zvh9cu 45741
0 1 l7s9wy 34590
0 0 skr5bs 25796
0 1 72m7ah 2054
0 0 ycznq3 11668
0 0 1sztqb 9458
0 0 o68k3v 6386
0 1 6fxbau 55232
0 1 64ecb6 54402
0 1 vio6qq 13798
1 rk8j8i
2 0 10
0 0 xaual7 52415
0 1 lytfo3 45741
2 0 2
2 0 4
0 0 3pl2eh 52415
2 1 22
0 1 zrml5g 49686
1 bnl6g0
1 2u1d67
0 0 fyoe2i 9458
0 0 eeqpo5 79642
0 1 ddtxuj 40333
0 1 ycle85 33732
0 1 bw3wul 97197
0 0 ok8quc 31745
0 0 pk1ihh 79642
2 1 16
0 1 7g35i8 65368
0 0 13n510 31745
0 1 lrr0a7 54402
0 0 jotaec 20263
0 1 kqkpcd 55232
2 0 8
0 0 9gdskg 5983
0 0 sp5d6x 25796
0 0 ichwsq 17873
0 0 e9kiw8 20263
0 0 7j9103 5983
2 0 2
0 0 5o9oet 9458
0 0 soz3as 17873
0 0 68527h 79642
0 1 8ntj7u 13798
2 0 8
1 466pyr
0 1 itv8jg 49686
0 0 g0lcet 5983
1 4i2ppl
0 1 ozcueg 97197
0 1 drrgsy 24244
0 1 sfi57u 40757
0 0 7lk078 11668
0 1 bwfel1 51815
0 1 gu126s 24244
2 1 23
0 1 1yibvd 65368
0 1 vgh3zw 21569
0 1 s92i9q 13798
1 nscgaf
2 1 22
0 1 6azve5 40757
0 1 cjdj4n 65368
2 1 21
0 1 symho2 24244
0 0 f0d6r3 79642
2 0 7
0 0 187g1a 20263
0 1 y2adtl 77844
2 0 8
1 n3j0ri
0 0 xhdkb0 5983
0 1 14jzar 49375
1 shxlvk
0 0 0g4t7w 17873
0 1 6pn6qk 65368
0 1 32y3ze 24244
0 1 qmpkd0 62471
0 0 fvct3y 6386
2 1 16
0 1 xsyy6z 51815
0 0 6pv7fk 9458
0 0 gypgll 11668
2 0 3
0 1 glurfi 34590
0 0 nf97cx 52415
0 0 u2ogrb 52415
0 0 8ne284 20263
0 1 mt61eu 38324
0 0 pdpyld 20263
1 gypgll
0 1 ry0jin 77844
0 0 g9qoi0 52415
1 8kte5o
0 1 gq417b 92627
0 0 w2pxhp 31745
0 0 ckmzxa 5983
0 0 fr5j0n 25796
0 1 m1lmsb 24244
0 0 y1x54x 11668
0 1 8aalar 38324
0 0 tqwrfz 17873
0 0 isegyi 79642
0 0 p3527w 20263
0 1 3szeio 24244
0 1 nlecgn 24244
0 0 4ly55m 11668
1 ztxpno
0 1 36gad1 38324
0 0 78c0dy 25796
1 sltek3
0 0 5ew341 6386
2 0 6
0 1 cju3i3 34590
0 1 539j1l 49375
2 0 9
1 nnzgl5
0 0 7p0i1z 25796
0 1 4lptzx 13798
0 0 kux4ol 11668
1 z29578
0 0 jotaec 11668
0 0 pejjo2 31745
0 0 8tf1o8 52415
0 1 sxxczj 80655
2 0 7
0 1 5cdml3 80655
0 0 mqwrei 31745
2 0 9
2 1 7
0 0 09jhaq 5983
2 0 2
0 1 lzzp4r 21569
2 1 1
0 0 z1tmc4 79642
2 1 18
0 1 9jvguh 80655
2 1 2
0 1 q2n5lg 40757
2 0 3
0 0 d1n2sb 6386
0 0 hmfxg3 52415
0 1 0q4bh7 51815
0 1 2y1at0 51815
2 1 27
1 2zsc0h
1 rk3sro
0 0 mrbdjd 52415
0 0 r6n8vv 11668
0 0 vk4oha 5983
1 il0qz9
0 0 6tlnqe 52415
0 1 ba3t0r 33732
0 0 wy7rw2 31745
0 0 i31jwd 11668
0 0 3ozgqu 52415
0 1 dr72vd 40757
2 0 6
0 1 6n70gb 45741
2 0 10
0 1 onf2ry 40333
2 0 8
0 0 w8mww5 25796
0 1 nc7i13 65368
0 0 4jpdwt 20263
1 8kd8wi
0 1 4lptzx 80655
0 1 geev07 42675
0 1 lo7nr7 80655
1 xeclfn
0 0 g5hglr 52415
0 0 zv8dai 79642
0 1 31j5zb 51815
0 0 gwcxs8 17873
0 0 dffijk 9458
0 1 c61eux 33732
0 1 kzhmos 49375
0 0 nfvklf 25796
0 1 k0b5d4 40333
0 1 0g4t7w 54402
2 1 16
0 1 5obfpe 161
0 1 xtb02p 67307
0 0 y0nfqc 11668
1 xvbosf
0 0 alh22t 52415
0 0 e83ccc 25796
2 1 9
0 1 lr3nya 51815
0 1 3pmcd3 71316
2 1 3
2 1 11
0 1 gas9u2 24244
0 1 36ykny 42675
2 0 2
0 0 kawte6 20263
0 0 d2bgny 9458
0 0 tl6cdk 17873
0 1 pve1wl 33732
0 1 5m0t1t 24244
0 1 sdfu0e 62471
0 0 cwrop4 25796
0 0 iz5q22 52415
0 1 scgjrn 38324
2 1 12
0 1 mgyv2v 33732
2 0 7
2 1 12
2 0 3
0 0 jwl83j 20263
0 1 vhdzqk 33732
0 0 u83tnx 79642
1 q8xmuq
0 0 yqtsu3 31745
0 0 ex7idc 9458
0 0 zrioh5 20263
0 0 k7prqc 20263
0 0 6pv7fk 52415
0 0 c1oaae 6386
0 0 nugbsf 79642
0 0 itv8jg 6386
0 1 0q75gu 62471
0 1 mle926 161
0 1 ut40u5 92219
0 0 gw3n2m 31745
0 1 0g458v 54402
0 1 ihxnjd 2054
0 1 uf4scu 51815
0 0 3tgrmq 9458
0 1 qyhvro 21569
0 0 tbbaju 25796
0 1 7ytc10 7258
0 1 kl669t 38324
0 0 nugbsf 31745
0 1 bufrh2 67307
0 0 6n989q 20263
2 1 8
0 0 n00btr 20263
0 0 rp707i 9458
0 1 plwt3x 97197
0 0 guapos 25796
0 0 2bwy6i 31745
0 1 mget81 161
0 1 74v2x8 40333
0 0 owskk8 11668
0 1 uou2kg 65368
0 1 m1uiim 65368
0 1 5fczdw 80655
0 0 ruptbl 25796
2 0 2
0 1 iialin 21569
0 1 y1l2vr 49375
0 1 knex9n 71316
0 0 xovjsl 17873
1 mblml5
0 0 4dw995 9458
0 0 nwpcpm 9458
0 1 fqq010 97197
0 1 78rdq7 40757
0 1 61l0c9 161
1 yyn48v
0 1 xlp10t 71316
0 1 lpq0fj 13798
2 0 3
0 0 tlsqlw 9458
0 0 996ca8 9458
0 1 k6r4v7 7258
0 1 enc9xf 49686
0 0 o68k3v 79642
0 0 qc8abf 9458
0 0 156u9p 17873
0 1 4lbd2g 21569
0 0 q4sclo 9458
0 0 oudzdf 17873
0 0 2u1d67 52415
0 0 qjzhf9 79642
0 0 n7et65 5983
0 1 wz42cg 40333
0 0 7taa8w 25796
2 1 4
2 0 7
0 0 6a71f0 52415
0 0 a3q9pj 5983
2 1 9
0 1 5mdt2s 161
0 1 o2zklq 7258
0 1 cp4k1k 55232
1 2prqzs
0 1 iz1cdj 77844
1 1q9vwq
0 0 p7q86r 25796
0 1 v9upmj 92219
2 1 2
0 0 1jm2pq 5983
1 dcscyl
0 0 7exd42 79642
0 0 i6gqzg 52415
0 0 seelkl 11668
0 0 bvo34y 52415
0 1 zcjncu 38324
0 1 q6z6vn 24244
1 gxwapz
0 1 1v8hjn 65368
2 1 1
0 0 2fci4w 25796
0 1 c0o10e 161
0 1 3k5xr6 97197
1 fl6ugg
1 uvsc1c
0 1 c1oaae 7258
0 0 7dk6ig 25796
0 0 qsf4cm 79642
0 1 5ew341 55232
0 0 zyr7i4 31745
2 1 20
0 1 mget81 71316
1 6cmeg0
0 1 1w3tg2 62471
0 1 9j9ls9 49686
0 1 c9869m 92219
0 1 5wyx0i 77844
0 0 3qzzcn 17873
0 1 3pmcd3 92219
0 1 4i5t8k 77844
0 1 0dycdx 71316
0 1 yr15eg 42675
1 dqnge2
0 0 n621x8 79642
0 1 bdci6e 45741
0 0 fpmodk 5983
0 1 r9vvul 92627
1 h3fj8o
1 qjn9ce
0 0 d54ddh 6386
0 0 j9ahhy 5983
0 0 wf5r0b 17873
0 1 ao3h1r 77844
0 0 p75276 11668
0 1 7dr6gd 55232
0 0 6vrl83 11668
1 vraz8e
0 0 im1323 6386
1 jnjopb
1 uezgmd
0 0 1ocxdh 9458
0 0 ugaldz 17873
0 1 1h86vm 33732
0 1 mr54qb 65368
2 0 4
0 1 fkpjah 38324
1 n8y07b
0 1 c43o4x 34590
0 0 lvlr1r 6386
0 1 ksogdr 13798
0 1 13n510 33732
2 0 5
0 0 shhzwl 25796
0 0 4ys3ot 11668
0 1 hhgluk 77844
2 0 8
0 0 7dv7ej 5983
0 0 nt0g25 17873
0 0 opzth5 9458
1 pqjcfw
1 finpzg
1 c0xhcs
0 1 7i9qgu 2054
0 1 jtu4ch 2054
1 mli4o5
0 0 a02yk7 79642
0 0 bg07ng 25796
0 0 k7c245 79642
2 0 1
0 0 a6p3mt 31745
0 0 q0jt33 20263
0 1 d3qn07 38324
0 0 xy0gaf 79642
2 0 10
0 0 g8xrx9 5983
0 1 3rbmcf 7258
1 i6po5z
1 1k24qj
0 0 g82pf5 52415
0 1 04fcut 161
1 9q06mq
0 1 z29578 24244
0 1 vlbw19 49375
0 0 rzixb8 17873
0 1 iz5q22 34590
0 0 me7rht 79642
0 0 z8fjo1 31745
0 0 4oifff 6386
0 1 zj6wy1 71316
0 0 b37rgn 6386
2 0 2
0 1 sye7ig 24244
0 0 u7pbqw 9458
0 0 h15o8s 20263
0 0 oht0l1 31745
2 1 17
0 1 im9jb2 13798
0 0 oesggm 6386
0 1 c0g31b 40333
2 1 5
0 1 pdw1t4 40757
0 0 qb6840 25796
0 0 hxmimu 5983
2 1 5
0 1 5iatnq 71316
2 0 5
0 1 xrnxs3 42675
0 0 pgepx6 52415
0 1 00i6d2 34590
0 0 yj7sxb 52415
0 0 4ys3ot 79642
0 1 lsgryr 45741
0 0 4p969o 52415
0 0 g5f4oq 5983
0 0 zoolqr 6386
0 0 wy011n 79642
0 1 id4umw 49375
0 1 g3gcex 55232
1 z31nm7
0 1 k1dp20 38324
0 0 1fju79 52415
2 0 3
0 1 04rvmm 21569
0 0 tnakmz 79642
2 0 1
0 1 02rm2s 40757
0 1 4ys3ot 55232
0 0 lym893 17873
0 1 kzr636 40757
0 0 7j8r0t 25796
0 1 01fwl8 80655
0 1 osgi9c 92627
0 1 bfizcs 65368
0 0 m1lmsb 79642
0 1 dnc389 54402
0 1 sdfu0e 51815
0 0 4ndjxk 31745
0 1 kdeh4q 34590
1 3zirop
0 0 ae5n1n 52415
0 0 f3r1d5 17873
0 0 59psc3 31745
0 0 8cl3y1 17873
0 1 mla9s3 45741
0 1 r9vusz 24244
2 1 19
0 0 xy0gaf 79642
0 1 7ro18t 13798
0 1 f517y2 97197
0 0 90bivh 31745
0 1 h3orei 13798
0 1 n8y07b 62471
2 0 4
0 0 8kte5o 17873
1 kaw7sn
1 m11psd
1 k8ifuc
0 0 399p6e 17873
0 0 bnl6g0 11668
0 1 bzjpk0 71316
1 ks1mb0
0 1 68l3xs 49375
0 0 n9mdtq 9458
0 0 ugw6z1 52415
0 0 q8lllk 11668
1 0pt9hj
2 0 5
0 0 emp4j8 17873
2 0 9
0 0 w47g72 6386
0 0 3ia2av 52415
0 0 15sfh0 79642
0 1 2fci4w 92627
0 1 f7pyuo 2054
0 1 4lzntw 161
0 0 9gdskg 25796
0 0 bxae27 17873
0 1 omd0bj 24244
0 0 w3ol16 79642
2 1 8
0 1 7bu653 40757
0 1 xcq8nd 62471
0 0 cxb1a3 20263
2 1 26
0 1 pwxdeh 51815
0 0 fpl4ev 6386
1 okw76j
0 0 yu8f1q 5983
0 0 zguryx 17873
0 0 pffdlu 52415
0 1 ps2yqi 42675
0 1 qzkny0 51815
0 1 ze69r2 40757
0 1 7zcgwz 71316
1 fqhl8r
2 0 3
0 0 26qv2k 20263
0 1 3iu6cy 40333
0 1 vstt5b 24244
0 0 f05bus 17873
2 0 3
0 0 b0izlb 9458
0 0 bbkdjb 9458
1 4rtcyk
0 1 7zcgwz 21569
0 1 klgqbj 51815
0 0 kl669t 5983
0 0 ijjfdl 17873
0 1 mt61eu 77844
0 1 6a71f0 80655
0 0 gu126s 11668
0 1 f3n2wd 92627
2 0 4
0 1 7ytc10 34590
0 0 j5hpvz 20263
2 0 7
0 0 p75276 6386
0 0 1aenm8 31745
0 0 9nf54s 9458
0 1 wkiw9c 62471
0 0 3bwfsv 79642
0 1 fmwbzt 55232
2 0 6
0 0 pwxdeh 20263
0 1 ti1ss5 49686
0 1 jqlp1j 80655
0 1 p9okwd 97197
0 0 263r09 79642
0 1 bufrh2 45741
0 1 v3sjdz 92219
0 0 fem553 11668
0 1 cju3i3 55232
0 1 w8cybh 65368
0 1 2kdwzj 42675
0 1 l9p9yd 92219
0 1 bbb395 24244
0 0 7gtzdu 9458
1 vr8tg0
0 1 nmsqeo 13798
0 0 lytfo3 9458
0 0 qhf6cb 25796
0 1 05dh2x 67307
0 0 m3ke2h 11668
0 1 gg0cxq 45741
0 0 roy7pf 6386
0 0 8z08yc 9458
0 1 rm2v50 38324
0 1 suoa3m 65368
0 0 urdiu0 20263
0 1 50omdz 34590
0 1 ni3wkj 65368
0 0 31j5zb 31745
1 xi59mg
0 1 78c0dy 42675
0 0 pco6n4 31745
0 0 pdpyld 11668
0 1 7bu653 2054
0 0 xuxryq 17873
1 156u9p
0 0 dnf827 9458
2 1 22
0 0 p1ivj3 11668
0 0 irq2lb 25796
0 1 kvdvbx 71316
0 1 w3ol16 24244
2 0 2
0 1 ozcueg 71316
0 1 l7s9wy 24244
2 1 10
0 1 3kj6ce 80655
0 1 mptzvf 77844
0 0 vyt2wy 6386
0 1 seelkl 49375
1 8tenzk
0 0 26j4u3 11668
0 1 wy7rw2 62471
2 1 21
0 1 z8honh 92219
0 0 zoolqr 17873
0 1 cdb6bg 7258
0 0 zj2jfn 17873
0 1 87xu7f 54402
0 0 r2qf81 20263
0 1 ck3evr 24244
0 0 mptzvf 31745
0 1 fsdt3s 80655
1 bgxguq
2 0 1
2 1 14
0 1 ze69r2 13798
1 gaejk0
1 ixguig
1 suav7w
0 0 g7s9uc 31745
0 1 6e0084 51815
2 1 24
0 0 fbw9f5 11668
0 1 x9j7mw 77844
0 0 kyqbsf 31745
1 j3a8w7
2 1 19
0 1 8sfczx 49375
0 0 1e811o 52415
0 0 wl54j4 5983
0 0 7bzr3o 6386
0 1 hcb6u2 97197
0 1 1kwjpr 33732
0 1 qpb0ue 55232
0 1 alngbj 62471
0 0 g8xrx9 5983
2 1 18
0 1 wvk728 55232
2 1 18
0 0 j4hywq 17873
2 0 5
2 0 3
0 1 1a0ac8 21569
0 1 imgkyu 21569
0 0 9k8n61 79642
0 0 s1z7a0 9458
0 1 f0d6r3 97197
2 1 25
1 htmhkx
0 0 3pl2eh 52415
0 1 6pn6qk 13798
1 uonud9
0 1 5zwhsc 55232
0 0 wwnjqy 31745
0 0 54yb56 52415
2 1 11
0 0 5r6mee 17873
0 1 u4x29t 24244
0 0 jxjwtj 6386
0 1 4y53j6 92627
2 0 5
0 1 xz6gqi 7258
0 1 t8o6vs 51815
1 w08hyt
0 1 04ye3t 80655
0 0 a78iam 52415
0 1 iialin 67307
0 0 0bztxi 17873
2 0 2
0 1 f0y9cb 54402
1 p1ivj3
0 0 qm6fzp 25796
0 1 y2adtl 34590
1 9eui3q
2 1 12
0 0 8exse9 31745
0 1 38fh7y 71316
2 1 23
0 1 pz5nkk 92627
0 0 vrirx1 52415
0 0 o0cg3s 25796
0 1 2jqfzz 77844
0 1 9qxvmr 24244
0 1 088nzh 55232
0 1 b6lt1w 42675
0 1 wq71sf 55232
0 1 r08me1 97197
0 1 1ei4la 42675
2 1 22
0 1 64ecb6 51815
0 0 4c0d2j 17873
0 1 b14snj 54402
1 n4po67
0 0 0t9ot2 31745
0 0 5fczdw 25796
0 1 0wmdb0 13798
0 1 qg8qpe 34590
0 0 ujx2ct 31745
1 kyqbsf
0 0 nkzlrd 6386
0 1 2jqfzz 13798
0 1 o4avkd 24244
0 1 3dkgwb 21569
0 0 gfkqu1 25796
2 0 1
0 1 8zvnbo 7258
0 1 cplkew 80655
1 6c4577
0 1 0zfg0p 7258
0 0 4q6z0z 20263
0 0 ubi71u 9458
0 0 lxfbvf 6386
0 0 bwfel1 25796
0 0 h73cve 9458
0 1 9j9ls9 97197
1 3z0shm
0 1 2j9jyx 161
0 1 n3j0ri 55232
2 1 25
0 1 2qls7v 42675
0 0 lysa1i 5983
0 1 n7itwj 2054
0 1 lxg1eg 45741
0 0 yz1zug 52415
0 1 5034ke 49686
0 1 l799ab 49375
1 yr23pn
0 0 e0mcb7 11668
2 1 25
1 3z0shm
0 0 344ysp 9458
0 0 62r54e 6386
1 0bzp0n
0 1 gg8hit 45741
1 1n5dnn
2 1 8
0 1 quaf1b 62471
0 0 ojg53r 5983
2 0 7
0 0 ohlxlh 17873
0 0 227huf 17873
0 0 h40680 6386
0 1 1xz23m 55232
0 0 5es179 79642
0 0 turywt 52415
0 1 ry0jin 38324
1 yosvkn
0 0 w08hyt 52415
0 0 zopp2w 79642
0 1 nlecgn 21569
0 0 mhl7dx 20263
0 1 hortxs 2054
2 1 19
2 1 26
0 1 pecnxk 55232
0 0 cwcoy5 79642
1 zcjncu
0 0 344ysp 9458
2 0 2
1 ejvt0j
1 jfnws3
0 1 4d3pc4 51815
0 1 2mdrzo 2054
0 1 wkd54j 38324
0 1 gkqlos 62471
0 1 wiia3d 33732
0 1 yu0tek 45741
0 1 td37i0 161
0 1 2wkder 40757
0 1 05dh2x 34590
0 0 2wkder 9458
0 0 v6g8e9 6386
0 1 xsyy6z 45741
0 0 gq1swe 11668
0 1 b5ih4e 71316
0 0 x9j7mw 25796
0 1 yj7sxb 92219
0 1 dz2flh 51815
0 0 r921po 20263
1 rm11lk
0 0 w96eyo 9458
0 1 7gzw9w 13798
0 1 qyhvro 40757
2 0 5
0 0 zel5kt 11668
0 0 s6v7eo 5983
0 0 enc9xf 6386
0 0 adyf6f 25796
0 1 bybls4 42675
0 0 ifh897 25796
0 0 1yy5l2 11668
1 pwxdeh
0 1 7dv7ej 80655
0 0 odpksq 6386
0 1 u92oem 97197
0 0 y8878q 79642
0 1 p66pc6 51815
0 0 851iig 5983
0 0 mhb0du 6386
1 3i4zml
0 0 wqu6cf 52415
0 0 feyte6 52415
0 0 cnx5vz 31745
0 0 0pgwn9 11668
2 0 4
0 1 8pb025 161
2 1 11
0 0 0ate4f 79642
0 1 x6ycih 45741
2 1 11
0 1 e6k8zg 65368
2 0 2
0 1 nscgaf 97197
0 0 wk2glj 20263
0 0 hdrk3s 17873
0 1 mt63v9 97197
0 1 8pb025 77844
0 0 qm6fzp 11668
1 7dk6ig
0 0 x0g27j 17873
0 0 pco6n4 25796
0 1 8zzn1k 97197
0 1 ty6usl 33732
0 0 pz5nkk 20263
0 1 njgand 54402
2 1 9
0 0 a6p3mt 17873
0 1 qf0k9g 62471
0 1 brxbgm 2054
0 1 gnskhp 97197
0 0 m3rsn0 17873
0 0 pgepx6 11668
0 1 a09b5b 49686
0 0 1470ga 5983
0 1 n9mdtq 24244
0 1 yhyoqn 92627
0 1 uwdhz4 21569
0 0 lpve1k 6386
0 0 5imhta 52415
0 0 4qe5q8 25796
0 0 xu5fq0 52415
0 1 cwcoy5 54402
0 1 k7pinq 92627
0 0 9xkemx 17873
0 1 rp707i 62471
0 1 exxwl2 45741
0 1 vi99mq 51815
0 1 hl09g6 2054
0 1 czuvho 24244
0 1 iiu6pm 77844
1 nr1m3o
0 1 yyrip3 92627
0 1 4bnve3 71316
2 0 10
0 0 mr54qb 31745
0 1 f6zt2e 65368
0 1 oeqpmz 45741
0 1 efy5kj 33732
0 1 ga9vud 67307
0 0 p1ivj3 11668
2 1 24
0 0 lqctcp 17873
0 0 9c1mh4 6386
0 1 bdci6e 38324
0 1 h1kapi 92627
0 1 1r669s 13798
0 0 dr72vd 5983
0 0 uk439u 31745
0 1 09jhaq 38324
0 1 3bk62x 55232
0 0 o7k82h 5983
0 0 6a71f0 25796
0 1 3i4zml 92219
0 0 29op3y 79642
0 1 u83tnx 67307
0 0 22sirk 11668
2 1 7
0 0 mu199n 5983
0 1 u7pbqw 24244
1 oj3mim
0 1 k0icvc 67307
0 1 8rg4d9 65368
0 0 64nfl9 25796
0 1 lmagkd 97197
0 1 04g3ng 21569
0 0 vxk5cq 9458
0 0 q47bet 9458
0 1 1hk3zo 49686
0 0 nkkvq4 25796
0 0 399p6e 25796
0 0 yp4lsv 5983
0 0 ge28h2 25796
0 0 rpssv4 20263
0 1 un2ma1 42675
1 50zole
0 0 l79jes 6386
0 1 e0mcb7 62471
0 0 wshdvg 9458
0 0 u3q8jq 52415
0 0 41zvlq 5983
0 0 mt61eu 11668
0 0 ge28h2 6386
0 1 t57qjx 71316
2 0 8
0 0 b2dkdo 5983
0 1 r338ir 45741
0 1 0q1poh 13798
0 1 mjhvqn 54402
0 0 b5ih4e 79642
0 1 o0291d 38324
2 0 6
1 nuwv41
0 0 cplkew 79642
1 50omdz
0 0 56rlcy 17873
0 0 uenwld 52415
0 1 8arwem 97197
0 1 8u5y6q 45741
0 0 dbp7g5 5983
0 1 0va19l 38324
0 1 i17dgh 40757
0 1 wp28k4 42675
0 1 jotaec 33732
1 5njmxq
0 1 nwpcpm 80655
0 0 pkwr7b 79642
2 0 4
0 1 suav7w 40333
0 1 kgt1m2 54402
1 4paq0w
0 0 dxxv4b 11668
0 1 hxmimu 161
0 1 b906n5 80655
1 5mljqd
0 0 ev3jxq 31745
0 0 6npjvm 11668
0 0 22h7f2 17873
0 0 5fzn0b 79642
0 0 jfzxht 31745
0 1 a0tvfd 67307
0 0 vwp8bl 52415
2 0 6
1 4p969o
0 0 o8sny2 20263
0 1 w8cybh 62471
0 1 dgi56f 62471
0 0 lucb1p 31745
0 0 mptzvf 6386
0 1 bfk07e 77844
0 1 6mohvm 49375
0 0 zz4bkj 9458
0 1 dnc389 21569
0 1 2b7s51 34590
0 0 adyf6f 9458
0 1 kqkpcd 77844
0 0 9jvguh 5983
0 0 m31ru4 31745
0 0 wk2glj 11668
0 1 qaw0xf 67307
2 1 2
0 0 2mdrzo 52415
0 1 uwy35r 40757
0 0 bxae27 5983
0 1 p1hd4r 38324
0 1 s9sxm5 67307
0 0 0g458v 6386
0 1 7a01rw 65368
0 1 o2jwr0 51815
1 ugaldz
0 1 j730s0 62471
0 0 jsm6m9 9458
0 1 ejvt0j 21569
0 1 r9wiak 62471
0 0 oc9ekt 52415
0 1 nrvqqo 42675
2 1 6
0 1 22q757 80655
0 0 233erf 25796
0 1 b9vjip 13798
0 1 h40680 80655
2 1 13
0 0 drhp8p 31745
0 1 7cx11s 161
0 0 m4sq65 79642
2 0 7
0 1 lo7nr7 67307
0 0 e1rwsc 9458
0 1 w3j204 80655
0 1 urdiu0 45741
0 1 f110me 49686
0 1 8jw597 40757
0 1 a6fhlg 55232
0 0 p9dpsj 6386
0 0 yrf03q 11668
0 1 y5elt1 51815
0 0 bfizcs 79642
0 0 nlj5ky 20263
0 0 vlrduz 17873
0 0 up8wg7 79642
1 uvsc1c
0 1 9czpkl 7258
0 1 ihxnjd 34590
0 1 1fzc1d 62471
1 ls34su
0 1 myw31g 92627
0 1 bv4ybv 34590
0 0 10hq1t 11668
1 thgqbm
0 0 o4avkd 9458
0 0 dz2flh 17873
0 0 ty6usl 11668
0 0 0wxg3h 25796
0 1 tb2zx4 62471
0 0 owskk8 9458
0 1 m0e6wu 65368
0 1 fbwhse 92219
2 0 5
0 1 rpuyq9 38324
0 0 het3ti 31745
0 1 ac1p2l 92627
1 1aclqk
0 0 nbkmys 31745
0 1 tf25s8 55232
2 0 8
2 1 7
1 hd5cgt
0 1 3zirop 13798
0 0 olvau7 9458
2 1 3
2 1 2
0 1 irq2lb 42675
0 0 p1ivj3 79642
0 0 9l6spm 9458
0 1 vpthq4 97197
0 1 udrvd9 67307
0 1 z3xina 24244
0 0 41zvlq 17873
0 0 xjufg0 11668
0 0 8arwem 20263
0 1 621p5m 38324
0 0 ey1y3x 11668
0 1 htdcro 21569
0 0 dnpcfy 6386
0 1 1jado5 67307
0 1 opnfxi 80655
0 0 6192mt 9458
0 0 41xrvu 17873
0 0 7o61vo 9458
0 0 ckmzxa 11668
0 1 odkkui 65368
2 1 18
0 0 phtcht 25796
0 1 3juv7t 33732
0 0 icdbxg 17873
0 0 ye3i8m 25796
0 0 sxx1bb 9458
0 0 7r5yi9 6386
0 0 8aklru 31745
0 0 m31ru4 6386
1 ihxnjd
0 1 tf92h0 77844
0 1 z29578 34590
0 1 sfjh61 21569
0 0 vjoels 31745
0 0 x6va1f 9458
0 1 ojg53r 97197
0 1 k6r4v7 2054
0 1 wt8kj4 49686
0 1 vk4oha 55232
0 0 ojg53r 20263
0 0 c2qs2q 6386
2 0 6
0 0 fae39a 9458
0 1 tl6cdk 80655
2 0 10
0 1 qm6fzp 67307
0 1 dnnvrb 2054
0 0 fzki74 52415
0 1 1r669s 80655
2 1 27
0 0 u44206 9458
0 0 wqu6cf 25796
0 1 gg3hcu 97197
0 0 5imhta 31745
0 1 edgpgt 161
2 0 8
2 1 10
2 0 3
0 0 rboy0f 9458
0 0 nsnygx 31745
0 1 pk1ihh 45741
0 1 xrnxs3 40333
0 0 ld1exk 11668
0 0 8tf1o8 25796
0 0 swdw43 79642
0 1 f71pcw 77844
0 0 mla9s3 20263
0 1 e7bhr8 45741
0 1 bb98sc 65368
0 0 u61owu 11668
0 0 kwfoo9 17873
1 o7wkhz
0 1 vu4ed1 97197
0 1 p1ivai 71316
0 1 soxize 2054
0 0 qef0oy 20263
1 1k24qj
1 7bzr3o
0 1 zsktbv 161
0 0 l3r5j7 5983
0 1 1cw8kp 42675
0 0 41i4vl 79642
0 0 foadxu 52415
0 1 5daxx2 92627
0 1 dmd01c 2054
1 dgi56f
0 1 ut40u5 54402
0 0 lvlr1r 31745
0 0 pmmlxq 17873
0 1 guapos 51815
0 1 rk8j8i 45741
0 0 d4ntsp 17873
0 1 8v1vda 71316
0 1 0pky5a 67307
0 1 e87kuk 49375
0 0 mjhgls 17873
0 1 4uoghj 38324
2 1 5
1 wz42cg
0 0 qcshjz 79642
1 wkkyqq
0 1 38kpj7 65368
0 1 juw21a 24244
0 0 7j9103 31745
0 0 iqre9e 6386
0 0 43ouj6 17873
1 lo5bi2
1 5l3d0d
2 0 4
0 1 n5qwd3 54402
0 1 57uh22 33732
0 1 4ps0b9 62471
0 1 vlrduz 65368
1 dffijk
0 1 3rbmcf 33732
0 1 81ouqr 92627
2 0 10
0 0 5o9oet 31745
0 1 uwy35r 40757
0 0 juq1ha 52415
0 0 nihd4g 20263
0 0 vkdak5 25796
0 1 50jd0n 62471
0 0 hoixbm 20263
0 1 0zfg0p 62471
2 1 15
0 0 ni6fxu 79642
0 0 41ktfy 31745
0 1 4ly55m 24244
0 1 angylf 42675
0 1 yaimx1 92627
0 1 jygzi4 13798
0 0 4e9iqe 17873
0 0 y9g868 79642
0 1 lo7nr7 80655
1 26qv2k
0 0 1l4fl5 5983
0 0 zm1llw 25796
0 1 8jw597 42675
0 1 r8jvhd 33732
0 1 svbe2c 33732
0 0 shxlvk 25796
0 1 dz2flh 71316
0 1 a7jorf 49375
0 1 e0mcb7 7258
2 0 2
0 1 t8o6vs 7258
0 0 r9k3v3 79642
1 etn2nl
2 0 9
0 0 ib91pl 20263
0 0 qc8abf 20263
0 1 ugw6z1 40333
2 1 23
0 0 bvk5oi 17873
0 0 ld1exk 20263
0 1 v72m4l 55232
0 0 jxqx6d 6386
0 0 13ry42 79642
0 0 n9mdtq 79642
0 1 i5nd7c 2054
1 n7itwj
0 1 t160on 40333
1 kvdvbx
0 1 0q1poh 97197
0 1 iphbmo 21569
0 0 4uoghj 52415
0 0 dk0yp9 6386
0 0 o2jwr0 52415
0 0 o0gvxu 31745
0 0 ca0q5e 11668
0 1 sf10tc 77844
0 0 qn86um 20263
0 0 2y1at0 25796
0 0 hxpfdr 6386
0 1 31rgwc 34590
0 0 nqrq8y 31745
2 1 7
0 1 6vkn20 92219
0 1 qrj9w8 24244
1 xrqdx7
2 1 24
0 0 zurxn1 5983
0 1 0bzp0n 13798
0 1 sye7ig 2054
0 1 kwfoo9 2054
0 1 turywt 92627
0 1 si95mp 92219
0 0 kxnjmx 17873
0 0 tjzzc4 9458
2 0 6
0 1 gyctck 7258
0 1 dz9qd0 24244
1 5j6kr5
1 3kj6ce
0 1 5geqg2 54402
0 0 02a4uj 25796
0 1 e4fudu 92219
0 0 ozxfuq 52415
1 c6gv3g
0 1 gqfx72 77844
0 1 yz1zug 49686
0 1 qlrg2f 92627
0 1 geev07 55232
0 1 ru1g7x 97197
0 1 ybwc6q 21569
0 1 lrq5hp 34590
0 0 mxo9ki 6386
0 0 y1l2vr 17873
0 1 o0291d 49375
0 0 fpl4ev 20263
0 1 25mnij 67307
1 8euli9
1 chabjx
0 1 7dv7ej 33732
0 0 uezgmd 5983
2 1 9
0 1 slz21i 21569
0 0 k58tp7 9458
0 0 z1tmc4 52415
1 atuaj8
0 0 gghwnf 5983
0 0 l10080 31745
0 1 0va19l 13798
0 0 vpnnoe 17873
1 txfs3k
0 1 oc5xgl 38324
0 0 2qls7v 6386
0 1 mo1nxk 40333
0 0 oudzdf 17873
0 0 zm1llw 9458
0 0 sw3l8z 79642
0 0 f0vlbh 5983
0 0 b2i5vx 20263
0 1 9czpkl 34590
0 0 6c4577 20263
1 hyip4f
0 1 2aki84 21569
0 0 fgb0v0 6386
1 mle926
1 rl4u7v
0 1 c63jp0 97197
0 1 qcf6lf 2054
2 0 4
0 0 1xz23m 52415
2 0 10
2 0 10
0 1 opz2my 34590
1 8l0qb9
2 1 4
2 0 4
0 1 16zmmc 42675
0 1 ry0jin 13798
0 1 n9x4jo 67307
0 0 dxxv4b 25796
0 1 ss6f01 33732
2 1 16
0 1 hyip4f 55232
0 0 t3v37a 11668
0 1 fvct3y 34590
0 0 kqkg2m 5983
0 0 5eaq3w 52415
2 0 2
0 0 shlulf 6386
0 0 4h3rb7 6386
0 1 2iinh7 42675
2 1 16
0 0 xqiiwe 17873
0 0 zvh9cu 20263
0 1 0ate4f 49686
1 n1hcmz
0 0 u6em2e 6386
1 s92i9q
0 1 iw27sy 80655
0 0 yn5ozf 52415
0 1 49b3fc 45741
0 1 fvct3y 92219
0 1 c68b7f 77844
0 0 be66jz 5983
0 0 5obfpe 20263
0 1 a1x40l 45741
1 w8mww5
0 0 byxgif 31745
0 1 onf2ry 40757
0 0 83tt6q 20263
0 1 jex8vi 34590
0 0 km27ct 25796
0 1 o9wdly 45741
2 0 7
2 0 7
0 1 hgielx 92219
0 1 c2vn0l 7258
2 0 2
1 ac1p2l
0 1 xhyoao 62471
0 1 avcvct 54402
0 1 jwl83j 42675
0 1 rotury 54402
1 3bjuwi
2 1 13
0 0 0mauow 25796
0 0 2nvllm 11668
0 1 5tmn27 49375
0 1 cz70d0 24244
0 1 krykkk 40757
0 1 mwdwof 34590
0 1 293eyz 55232
1 5mljqd
0 0 llalio 52415
0 1 ykhdy3 77844
0 0 pmg0wz 20263
2 0 9
0 0 ugw6z1 17873
0 1 lsgryr 33732
0 0 bwmpzs 17873
0 1 n2n2qf 65368
2 1 1
0 1 mu0q4i 49686
0 0 zyr7i4 6386
0 1 49b3fc 24244
0 1 bo9utm 161
2 0 2
2 1 9
2 1 14
0 0 7a01rw 79642
0 1 bvye2c 13798
0 0 qa7x9h 6386
0 1 mwdwof 65368
0 0 7a01rw 31745
0 1 2alu1y 71316
0 0 eayohj 11668
0 1 y5elt1 71316
0 0 s1z7a0 5983
0 1 vj4nz4 21569
0 0 iqre9e 11668
0 1 o2in2p 7258
0 0 cz70d0 52415
0 1 0ho9lx 2054
1 q8xmuq
2 1 10
0 1 l1hosy 40333
0 1 lxg1eg 55232
0 0 mwdtl9 11668
0 0 uedkin 25796
0 1 1avy2l 97197
0 0 stsily 5983
2 0 5
0 0 uicre2 17873
0 1 ao3h1r 13798
0 0 o0291d 52415
0 0 upoeso 5983
1 o68k3v
0 1 6v70zm 62471
1 fpmodk
0 0 up1mj4 5983
0 0 ymr3yk 52415
1 hend2j
0 0 e5kv69 79642
1 yosvkn
2 1 11
0 0 xp2meo 25796
0 1 qifcf2 67307
0 1 vv7sgw 67307
0 1 jtu4ch 49686
0 0 sfbpkw 6386
0 0 uly152 20263
0 0 iguypn 79642
0 0 fgn6bz 17873
0 0 lw9z5n 31745
0 1 jtpstn 24244
0 0 vkdak5 5983
0 1 26qv2k 65368
0 0 udw3xy 9458
2 0 8
0 1 u7pbqw 7258
0 0 b25noe 9458
0 1 5s011w 51815
0 1 bwfel1 24244
0 0 lyulfn 6386
0 1 g56er9 21569
0 0 ngc5gi 20263
0 0 44h3jm 79642
0 0 7aqlwf 6386
0 0 udw3xy 79642
0 1 dz9qd0 71316
1 sfi57u
0 0 u67mdi 5983
1 mblml5
0 1 fn6ib9 38324
0 0 04g3ng 25796
0 1 k6lzld 2054
0 1 w96eyo 42675
0 1 yp4lsv 65368
0 0 68q37z 31745
0 1 6mohvm 55232
0 1 4h3rb7 92627
1 8ezhio
0 1 68abyo 42675
0 0 m8wo3f 9458
1 svbe2c
0 1 2rswyi 7258
0 1 ycbv7x 33732
0 1 mk4k30 40333
0 1 d54ddh 51815
0 1 1fju79 55232
0 0 rossp5 9458
0 1 prlhyu 92627
0 1 pejjo2 54402
1 jnjopb
0 0 6vrl83 6386
0 1 ljtwgr 2054
0 0 xxtfqo 17873
0 0 yhyoqn 11668
0 1 xi59mg 2054
0 0 0va19l 52415
0 0 70w7l4 6386
0 0 djgrri 9458
0 1 ozxfuq 34590
0 0 odpksq 6386
1 bd5b6j
0 1 sdfht1 21569
0 1 ck3evr 80655
0 0 qxaaff 6386
0 0 ivej49 20263
0 0 7qla35 79642
2 1 8
0 1 isdvol 24244
0 1 vqhrub 13798
2 1 1
0 1 dq8tog 62471
0 0 406p9k 9458
0 1 639lov 2054
0 1 v14359 45741
0 0 yseues 31745
0 0 2srl02 5983
0 0 7bzr3o 52415
2 1 1
1 ca0q5e
0 0 64nfl9 5983
2 0 6
1 550zcn
0 1 ocb2d8 40757
0 0 y0p2ui 31745
0 1 3bwfsv 49686
1 r580q1
2 0 3
0 1 1fju79 49375
0 0 dq8tog 25796
2 0 1
0 1 dffijk 7258
0 0 qcshjz 79642
0 1 r4n6tg 51815
0 0 fsadjo 79642
0 0 h5cn4z 9458
0 1 bl3vr8 80655
0 0 si95mp 5983
0 1 74v2x8 21569
1 6t4c0j
0 0 g7s9uc 25796
2 0 7
0 0 lp1i3i 6386
0 1 rk3sro 2054
1 eh6aos
0 0 45xq3q 20263
0 1 yhyoqn 45741
0 0 f5vw1t 25796
0 1 tf25s8 7258
0 0 htmhkx 25796
0 0 eg7b4g 5983
0 1 lo5bi2 54402
0 0 4ly55m 11668
0 0 dz55su 20263
0 0 ifpz7o 17873
0 0 vdb906 5983
0 0 ir3hw7 17873
0 0 helodp 5983
0 1 wzl6u2 161
0 0 6hkf2y 9458
0 1 d0299z 2054
0 0 t7n2mm 25796
0 0 dnxu3v 20263
0 0 dkrt9i 52415
0 1 2rswyi 62471
2 1 13
0 1 1w3tg2 97197
0 0 r1d9bc 52415
0 1 mblml5 33732
0 0 qdei0d 5983
0 0 vlbw19 9458
0 1 hmcitb 40757
0 0 nq03e7 6386
0 1 mstt3p 161
2 1 11
0 1 angylf 38324
0 1 a78x4s 42675
1 663dj8
0 0 p1ivai 20263
0 0 g6qya3 20263
1 v7cvut
0 0 su6x0v 6386
0 0 guapos 17873
2 0 7
1 s1z7a0
0 0 mu199n 11668
0 0 uedkin 17873
0 0 019zmt 9458
0 0 bkd220 6386
0 0 unk4yr 25796
0 0 dnc389 9458
0 0 pffdlu 11668
0 1 qpb0ue 51815
0 1 be66jz 45741
0 1 ipkbt0 24244
0 1 oq8d7v 55232
0 0 26qv2k 25796
0 1 lqctcp 62471
0 1 3g58xa 80655
1 pe3xdp
0 0 i0u40o 20263
0 0 2gdsgt 6386
0 1 pecnxk 161
0 1 lfq1kl 77844
0 1 f3r1d5 97197
0 0 d6zcry 17873
1 jl2qva
0 0 y7q5ut 9458
0 1 c9869m 40757
1 yyrip3
0 1 1jns88 38324
0 0 q0pmob 6386
0 1 hjnumw 49686
0 1 kzr636 77844
1 9c1mh4
0 0 2yz7pg 52415
0 1 grs3hu 24244
0 0 j22n83 52415
0 0 hmfxg3 79642
0 0 pecnxk 20263
0 0 sxx1bb 25796
0 0 ps0akk 6386
0 0 r1d9bc 79642
0 0 vyxm7d 5983
1 r7154e
0 0 2m3rp1 20263
1 iudbgx
2 1 15
0 0 jd1s6g 20263
0 0 jf5nuo 79642
2 1 26
0 0 xnyhta 9458
0 1 m1uiim 92627
0 1 9nhtk9 62471
0 0 9czpkl 20263
0 1 8euli9 42675
0 0 78rdq7 17873
0 1 k0df4a 71316
0 1 j2sgoa 21569
0 1 vk6y8f 42675
0 1 2u1d67 77844
1 e1rwsc
0 0 whg99m 9458
0 0 c9iuzv 79642
0 1 ks1mb0 65368
0 0 ull2j6 9458
0 1 29op3y 40757
0 1 m9oge1 33732
0 0 opzth5 25796
0 0 7ro18t 6386
0 0 cg9ykb 9458
0 0 394pk5 31745
0 0 120wx6 52415
0 0 vpthq4 17873
2 1 5
0 0 gvzu47 9458
0 1 6y45jk 92219
0 0 pgq63b 5983
0 1 x6s6v9 67307
0 1 rm2v50 38324
0 1 1nkxpn 34590
0 1 uq4c73 49686
0 1 06pj78 97197
0 1 3i4zml 49375
0 1 jtu4ch 54402
0 1 mnwqo2 67307
0 1 x5uywm 51815
0 1 h3v5on 161
0 0 vyt2wy 79642
0 1 yimxdd 71316
0 1 kzr636 54402
0 0 z4ghlk 20263
0 1 kux4ol 45741
0 1 dp87pu 7258
0 1 8exse9 2054
0 1 m31ru4 97197
0 1 qjn9ce 42675
0 0 htdcro 25796
0 0 k97rvi 79642
0 0 qifcf2 6386
0 1 akgcs5 42675
2 1 14
0 1 w37jwo 13798
0 0 abepor 5983
1 so9xqs
0 1 shlulf 2054
0 0 e3v7aj 11668
0 1 y0xp3s 65368
0 0 ubi71u 20263
2 1 15
0 0 ah2606 9458
0 1 4r0srf 24244
0 0 yn5ozf 11668
1 kwx5an
0 1 im9jb2 67307
0 0 tyzf8x 31745
0 0 nbkmys 5983
0 1 vcau88 34590
2 0 5
0 1 vic58k 13798
0 1 tqkyvu 21569
0 1 oewmdg 77844
0 1 osgi9c 13798
1 jzryrs
2 1 3
0 1 2wjqoa 2054
2 1 21
0 0 gas9u2 17873
0 0 bwmpzs 9458
0 0 i4s2eg 79642
0 1 rk8j8i 65368
0 1 g8xrx9 7258
0 1 9xkemx 49686
0 0 r7pw8j 52415
0 1 bf4j2u 13798
0 0 jwb1x3 11668
0 1 3mb0hy 92219
0 1 2fci4w 51815
0 1 a5ih2p 51815
1 p75276
0 1 6t4c0j 24244
0 0 hxiocf 31745
0 0 38hc4d 5983
0 1 1jszyh 40757
0 0 5l3d0d 6386
0 0 fl8c1h 79642
0 0 m3ke2h 17873
0 1 juq1ha 33732
0 1 m31ru4 45741
1 f05bus
0 1 fqhl8r 92219
0 1 yz1zug 2054
0 1 j0rcd7 7258
0 0 zixjz4 17873
0 1 8cd1c3 2054
0 0 hjm71t 52415
0 0 mblml5 17873
0 1 so9xqs 2054
0 0 clhb71 17873
2 0 5
0 1 v6g8e9 7258
0 1 t3v37a 92219
0 1 5hqfvs 161
0 0 dor6sg 17873
0 1 fae39a 21569
1 0pt9hj
0 0 37w497 52415
0 0 ymr3yk 52415
0 1 cgh2o9 92219
0 0 jwhk8y 25796
0 1 hyip4f 13798
0 1 r7154e 80655
0 0 c83bcv 79642
0 0 68pnkp 52415
2 0 6
0 0 nihd4g 20263
0 0 jzryrs 5983
0 0 7zusiu 52415
0 1 tjmmpe 34590
0 0 n7urgm 20263
0 1 4jpdwt 92627
0 1 5cdml3 65368
0 1 1yer3d 49375
2 1 8
0 1 fq88ha 21569
0 1 3bk62x 42675
0 1 hmtfmy 7258
0 1 my1x3v 40757
0 1 u44206 67307
0 1 nugbsf 21569
0 1 dmd01c 92219
0 0 tw47q0 11668
0 1 x34wws 92219
0 0 m4sq65 5983
0 1 m8uyjq 34590
0 1 baof7e 34590
0 1 d3vhhg 42675
0 0 kezk7h 20263
2 1 10
0 0 rxxjwm 31745
0 0 vu4ed1 11668
0 0 t868p4 52415
0 0 1kkfhc 11668
1 goll9f
0 1 t3bd9t 49686
0 1 j5hpvz 77844
0 0 4dbbcg 9458
2 1 23
0 1 qef0oy 2054
0 1 7foyv6 33732
0 0 344ysp 6386
2 1 25
0 0 dnbj1k 5983
0 1 klgqbj 62471
0 0 9jlvxx 5983
0 0 8js23d 11668
0 0 myw31g 11668
0 1 p9okwd 97197
0 0 jfnws3 20263
0 1 j5hpvz 42675
2 0 7
0 0 ycoa9f 9458
2 0 6
0 1 ak386v 45741
0 1 8tf1o8 67307
0 1 kyqbsf 67307
0 1 gb3vv3 92627
1 u2ogrb
1 cv12hp
0 0 c7rya9 6386
0 0 rzixb8 79642
0 0 83tt6q 17873
0 1 7ux6rt 92219
0 1 gq37xz 13798
0 1 3ink7w 2054
0 1 mu0q4i 45741
2 0 1
0 0 9xkemx 25796
0 0 ugaldz 31745
0 1 h5ts2x 49375
0 0 gkqlos 5983
0 0 vcffor 31745
0 1 2fci4w 62471
0 1 08tudy 55232
2 1 17
0 0 dnbj1k 6386
0 0 vk4oha 6386
0 0 t5gw11 9458
0 0 iudbgx 52415
0 0 k6lzld 20263
0 1 voetzc 34590
0 1 4i5t8k 92627
0 0 32y3ze 9458
0 0 68527h 17873
0 0 vjcppf 9458
1 1uc4pr
0 0 ox460w 5983
0 0 nik568 79642
0 1 i4s2eg 38324
0 1 awufbp 24244
0 1 phtcht 71316
0 1 6ipr37 71316
0 0 k1dp20 31745
0 1 w70skb 80655
0 0 shhzwl 9458
1 pdw1t4
0 0 r5djc5 9458
2 0 7
0 1 hg7hvy 40757
0 1 pjn9w7 2054
0 0 4ndjxk 9458
2 1 20
1 0wxg3h
2 1 12
0 1 1kkfhc 55232
0 0 k5d4bw 20263
0 0 i3lh7x 79642
0 0 f2w9mt 25796
2 1 2
0 1 b37rgn 97197
1 nkkvq4
1 y2adtl
0 1 a0tvfd 21569
0 0 8tf1o8 17873
0 0 qaxd89 31745
0 1 9gjoxm 62471
0 0 mpqoo9 79642
1 f0y9cb
2 1 23
2 1 9
0 0 cq542x 79642
0 1 c39665 24244
0 0 stsily 5983
0 1 3990jo 97197
0 1 gu126s 71316
0 0 fgb0v0 11668
0 0 5daxx2 9458
0 0 yibt1p 17873
0 0 n2n2qf 17873
2 1 23
2 0 1
0 1 awufbp 49686
1 tvenbp
0 1 t6qhqw 13798
0 0 m7ajjn 6386
0 1 cb8pug 2054
0 0 xs3nb8 5983
0 1 lzzp4r 55232
0 0 nxjb0w 17873
0 0 xpnz8x 25796
0 1 oewuqe 67307
0 0 v3sjdz 79642
0 0 c1oaae 20263
0 1 iavste 40757
0 1 gfkqu1 49686
1 ulpjql
0 0 qhcn3e 52415
0 1 1mwbde 42675
0 0 38fh7y 52415
0 0 ze3cgf 5983
0 0 p9okwd 11668
1 wzl6u2
0 0 c09lji 11668
0 1 nq3e6f 45741
0 1 kdeh4q 21569
0 1 wge1w0 92219
0 1 m8bwlb 77844
0 1 p9dpsj 92219
0 1 80l2ex 2054
0 1 opnfxi 54402
0 1 8ndhle 51815
0 1 2aki84 38324
0 0 u6em2e 9458
2 0 4
0 0 knjcv7 25796
0 0 dz2flh 17873
1 2uuc42
0 1 urcptu 55232
0 0 emp4j8 5983
0 0 ejjfl0 5983
2 0 1
0 1 fmwbzt 49686
0 0 njnmz8 52415
0 1 394pk5 51815
0 1 hortxs 38324
0 0 9jv4j5 5983
0 1 oqs6ee 54402
0 1 hend2j 33732
0 1 feyte6 65368
0 0 ht0dxt 17873
0 1 41xrvu 97197
0 0 a02yk7 20263
0 1 0zn61e 97197
1 u83tnx
0 0 qdei0d 9458
0 0 slldos 79642
0 1 w5nnl4 40333
0 0 kdeh4q 9458
0 1 k7c245 42675
0 0 o0gvxu 11668
0 1 hmcitb 33732
0 0 3k5xr6 20263
1 rxxjwm
0 0 eh6aos 5983
0 1 38hc4d 40757
1 agfaon
0 0 65h9df 11668
0 0 vqijkk 17873
0 0 i0u40o 31745
0 1 ednv6v 40333
0 1 5punqi 33732
0 0 ls1me3 6386
0 1 vwp8bl 92219
0 1 luxpfj 40333
0 1 brxbgm 65368
0 1 07nfti 33732
0 1 bvo34y 21569
0 1 e1rwsc 51815
0 1 ba8jn3 38324
0 1 qaw0xf 24244
0 1 imgkyu 54402
0 1 4lfzin 51815
0 1 oc9ekt 13798
0 0 z3sd29 9458
1 7ecyed
0 1 d54ddh 80655
0 0 tkgtka 52415
0 0 sspsto 9458
0 0 slz21i 52415
1 8ndhle
0 1 dnxu3v 92219
0 1 nkoltq 67307
2 0 5
0 0 aiwl1m 20263
0 1 jn5hlz 7258
0 1 7foyv6 92219
0 1 225pr7 21569
0 1 vsg9mh 49375
2 0 7
0 0 zopp2w 31745
0 0 w8cybh 20263
0 1 h2887g 38324
0 0 iz1cdj 52415
0 1 qjn9ce 38324
0 1 phtcht 54402
0 1 65h9df 54402
0 1 4vrlbe 71316
0 1 1jm2pq 7258
0 0 41zvlq 20263
0 0 pb2gpy 25796
0 1 m1uiim 67307
0 1 yl7gvv 49686
0 1 uly152 45741
0 0 dqnge2 9458
2 0 8
0 1 1ehr1a 67307
1 aos5s3
0 0 lytfo3 17873
0 1 dr72vd 77844
0 1 bcqswm 34590
2 0 6
2 1 15
0 0 ybmd6b 9458
0 0 nh0rmc 25796
0 0 225pr7 5983
0 1 0q1poh 24244
0 0 x1e03h 6386
0 0 s79soh 31745
1 htmhkx
2 1 22
0 0 so9xqs 31745
0 1 09jhaq 97197
0 0 fae39a 6386
0 1 urdiu0 54402
0 1 h3hizi 51815
1 fwojih
0 1 f6zt2e 49375
0 0 im9jb2 31745
2 1 1
2 1 16
0 0 jf5nuo 20263
2 1 24
0 1 qzo8k8 71316
0 0 dbtko0 11668
2 0 8
0 0 upy76o 52415
0 0 svk7w3 5983
0 0 3su29a 6386
2 0 10
1 8ej7lv
0 0 eg3t5x 9458
0 1 8nd3mz 161
0 1 wp28k4 54402
0 0 wu2kqy 25796
0 0 u5hm7p 20263
0 1 ixguig 161
0 0 oewmdg 6386
0 0 xjufg0 25796
0 1 f110me 80655
2 1 24
2 0 9
0 0 1ei4la 11668
0 0 m8bwlb 9458
0 1 l10vrg 40757
0 1 t160on 71316
2 0 4
0 1 mgz9v6 97197
0 0 65h9df 5983
0 0 dz55su 31745
0 0 pkwr7b 6386
0 1 0oa12c 24244
0 1 x1bsue 49375
1 43ouj6
2 1 16
0 1 il0qz9 55232
0 1 1m5429 2054
0 0 foadxu 9458
1 urdiu0
0 0 x8t5qm 20263
2 1 20
0 0 8kte5o 17873
0 0 ou1goy 52415
0 1 7a01rw 40333
1 pb2k5f
0 0 x7zbg5 11668
0 1 wl54j4 45741
0 0 f1gxsh 79642
0 0 ak386v 9458
0 1 m3ke2h 34590
0 1 v07chb 49686
0 1 293eyz 51815
0 1 vqxyte 7258
0 0 az4h1h 79642
0 1 cj2414 65368
0 0 vddv3u 79642
1 fwr5wg
0 0 m1uiim 31745
0 0 mxo9ki 5983
0 0 yq3b4j 31745
1 r9u1g8
0 0 4uaanv 17873
2 1 5
0 1 dq8tog 62471
0 0 zz4bkj 5983
0 0 gp7ago 20263
0 0 1yibvd 5983
0 1 s6v7eo 55232
0 1 ejjfl0 34590
1 7mnknz
0 1 iqkbt2 92219
0 1 yr23pn 7258
2 0 4
1 un2ma1
0 1 3kh0aa 71316
0 0 ot51k1 79642
0 1 yms630 77844
2 0 2
0 1 uxds2x 7258
0 1 r7154e 42675
0 0 mk4k30 52415
0 0 v7zgg9 6386
0 0 0pt9hj 9458
0 1 ae5n1n 7258
0 1 09jhaq 7258
1 v3ceex
0 0 f0d6r3 17873
0 0 4zs5hx 11668
1 wu2kqy
0 0 3ys8dd 11668
0 0 5xtjun 5983
0 0 9u723m 79642
0 0 h9xpzf 17873
0 1 6964bi 21569
0 0 263r09 11668
0 1 a37bvb 97197
0 0 km2ath 52415
0 1 a5siud 2054
0 0 7yplxn 17873
0 0 jx1io8 79642
0 1 ze3cgf 24244
0 1 y2hb32 54402
0 1 a5ih2p 80655
1 ycle85
2 0 9
0 1 cz70d0 92627
0 0 uxds2x 11668
0 0 1mdcfv 52415
1 hb6wgf
0 1 im8u34 161
1 i6po5z
0 0 vkd0sk 9458
0 0 l79jes 5983
2 1 9
0 0 vphy5j 6386
0 0 bl2l53 52415
0 1 igwe4u 77844
0 0 czuvho 31745
0 1 n7et65 65368
0 1 7vdqvi 71316
0 0 dbp7g5 5983
0 0 atuaj8 20263
0 0 b7q7ym 11668
2 0 6
0 0 rqkf91 20263
0 0 99vwkp 20263
1 w7yz3h
1 ge28h2
0 0 hupg7j 52415
0 0 bxae27 79642
0 1 cehlvb 42675
2 1 10
0 0 zlifaj 9458
0 1 whh4x4 97197
0 1 f1gxsh 2054
0 0 ohfgb1 11668
1 rx5ijc
0 0 0htuoo 6386
0 1 8z08yc 13798
0 1 f0d6r3 80655
0 0 2jsu63 6386
0 0 yvnkm9 9458
0 0 4r0srf 79642
0 0 mt61eu 6386
0 0 ixguig 20263
0 0 ojwrz0 25796
0 0 t57qjx 20263
0 0 nrvqqo 31745
0 1 xotp90 2054
2 0 10
0 0 3ys8dd 79642
0 1 ex7idc 42675
0 1 5j6kr5 24244
0 1 i38ner 161
0 0 5pqc7x 25796
0 1 un2ma1 24244
0 0 fem553 31745
0 0 7mnknz 20263
0 0 ebpxl2 79642
0 0 uoquz0 11668
0 1 gg3hcu 161
0 0 m3rsn0 5983
0 0 c1oaae 31745
2 0 3
1 vkd0sk
0 1 ae5n1n 33732
0 0 h3orei 79642
0 0 turywt 5983
2 0 3
0 1 hmfxg3 38324
0 0 9az25f 9458
0 0 4sgyzz 6386
0 0 8cd1c3 25796
0 1 1n5dnn 21569
0 1 mbrus9 2054
0 0 6fbv9h 31745
0 1 h0fqnd 55232
0 0 uedkin 5983
0 0 c09lji 31745
0 1 5l3d0d 71316
0 0 g4vokz 31745
0 1 vdb906 24244
0 0 kawte6 17873
0 1 3990jo 24244
0 0 e9u8n1 25796
0 1 1p8cwq 7258
1 kjfhny
2 0 6
0 0 mgio9k 25796
0 0 pgagoo 20263
0 1 38fh7y 34590
0 1 45atrf 21569
1 8ezhio
0 0 rc64w3 6386
0 0 45atrf 17873
0 0 c0g31b 20263
2 0 8
0 0 juq1ha 79642
0 1 kvpgmv 24244
0 0 qhcn3e 5983
0 1 dk0yp9 21569
1 fl6ugg
0 1 z31nm7 49686
0 1 t5leem 45741
2 0 2
0 0 x3wvzx 20263
1 nfaeau
0 0 f7yxxs 25796
0 0 jex8vi 17873
0 1 nlj5ky 92627
2 0 10
0 1 xeclfn 80655
0 0 jqdn82 17873
0 1 wbo2xd 54402
0 1 j55glt 54402
0 0 y5elt1 20263
0 1 ape5gs 34590
0 1 5wyx0i 71316
1 gqyfyp
2 1 20
1 x3wvzx
0 1 hg7hvy 42675
2 1 5
0 1 rrkykc 55232
0 0 cf3u1r 79642
0 1 bwaf1h 2054
0 0 bb98sc 79642
0 0 1ocxdh 9458
0 1 gp7ago 92219
0 1 0ho9lx 67307
0 1 hcme6g 51815
0 0 knjcv7 6386
0 1 8ne7fj 65368
2 1 3
0 0 5kp2vh 17873
0 1 djfmw1 71316
0 1 7bu653 21569
1 o2jwr0
0 0 fauis8 31745
0 0 koc82d 11668
0 1 8zvnbo 71316
0 0 c2qs2q 25796
0 1 cwcoy5 34590
0 0 yddnx5 17873
0 1 6vkn20 42675
0 1 phtcht 92219
0 1 2y1at0 49686
1 5empeo
0 0 rl7dqe 11668
1 own5ln
2 1 23
0 1 zayxtl 54402
0 1 kxsfmw 24244
0 0 9ggokw 6386
2 0 6
0 0 x0g27j 17873
2 0 9
0 1 o7xbz6 42675
2 1 9
0 1 o71mm2 92627
0 1 bcqswm 21569
0 0 043k1f 5983
0 1 5t5zxt 49375
0 0 q47bet 20263
0 1 b2dkdo 67307
0 1 muvveb 92219
0 1 82j5nl 97197
0 0 y72xf7 17873
0 0 qwtkzs 31745
0 1 bb98sc 2054
1 37w497
0 1 ob1ym1 54402
0 0 nh0rmc 52415
0 1 zcjncu 45741
0 1 ojwrz0 65368
0 0 vcvpli 79642
0 0 rzixb8 31745
0 1 5576wn 13798
0 1 zbd1jx 97197
0 1 spvzsg 45741
0 0 sxx1bb 52415
0 1 uvsc1c 40333
0 0 621p5m 20263
0 0 pu6v8l 79642
1 nix2bq
0 0 fwojih 9458
0 1 6ar691 13798
0 1 o31j0v 42675
0 0 ah2606 11668
0 0 49b3fc 79642
0 1 hxmimu 49375
0 0 oht0l1 6386
0 0 gtjnla 6386
0 0 g82pf5 9458
0 0 41zvlq 9458
0 1 d9n8iw 7258
2 0 10
0 0 3zirop 17873
0 1 e00wff 40333
0 1 6y45jk 21569
0 0 yyrip3 9458
0 0 ls1me3 11668
0 1 e83ccc 2054
0 0 soxize 17873
0 0 8k2gjw 20263
0 0 nkoltq 17873
1 k7c245
1 qsf4cm
2 1 8
0 1 0jlntt 80655
0 1 uedkin 13798
0 0 4srdvc 17873
0 0 0tvbm0 5983
0 1 8qy8ig 21569
0 1 gnskhp 55232
0 1 vi99mq 77844
2 0 5
0 1 sfjh61 21569
0 1 c09lji 71316
2 1 15
0 0 9zjg00 9458
2 0 6
0 1 bvo34y 21569
1 g0igsw
0 1 s99js3 24244
0 0 xuxryq 25796
0 0 qa7x9h 5983
2 1 3
0 1 onf2ry 33732
2 1 25
2 1 13
0 0 s6dqs3 17873
0 1 kdeh4q 67307
0 1 9j9ls9 92219
2 0 8
1 eayohj
0 1 wdqara 80655
1 2u1d67
0 0 lpve1k 6386
2 0 9
0 0 nbt64b 25796
1 vxeu85
0 0 7dqjxq 31745
0 0 26yzam 25796
0 0 68abyo 79642
0 1 bq41rs 21569
0 1 hesqp9 67307
0 1 bufrh2 13798
0 1 uhzury 71316
0 1 7vuc9n 7258
2 0 5
1 80l2ex
0 1 5njmxq 161
0 1 xevzsu 45741
2 0 3
0 1 a0tvfd 7258
0 1 5j24t2 92219
0 1 7a01rw 54402
0 1 501phw 13798
0 1 a78iam 92627
0 1 4dw995 42675
0 0 9bqme2 25796
0 0 8k6y8s 79642
0 0 q4sclo 20263
0 1 jnjopb 21569
0 0 zxv01v 20263
0 0 q0pmob 5983
0 1 le0snt 2054
1 kts2na
0 0 vjoels 79642
0 1 nxjb0w 97197
2 1 9
0 0 yltnhx 11668
1 osgi9c
0 0 p3cay9 52415
0 0 u83tnx 20263
0 0 1pkzav 79642
0 0 twncku 52415
0 1 fiblae 49686
0 0 jtu4ch 31745
0 1 hbzegd 40757
0 1 nr8jja 80655
0 1 jcz7c0 62471
0 1 atuaj8 51815
0 1 bwfel1 33732
2 0 10
0 1 uwy35r 13798
1 i6ijf7
0 0 nus5na 5983
0 1 3nwhs4 161
0 0 hjb627 17873
0 0 h3v5on 25796
0 0 eg7b4g 17873
2 0 1
0 0 n1s1cc 31745
0 1 27na8g 97197
0 1 yhyoqn 161
2 1 25
0 0 2jhb7i 6386
2 0 1
0 1 pgepx6 40333
0 1 suoa3m 40333
2 1 22
0 0 0g4t7w 31745
0 0 b14snj 6386
0 0 t7n2mm 6386
0 0 ba7k04 6386
0 0 9i20j0 6386
0 1 gdm6wd 21569
2 0 6
2 0 10
0 1 jd1s6g 62471
2 1 19
1 lytfo3
0 0 0t9ot2 6386
0 0 05dh2x 9458
0 1 ms2cep 33732
2 1 23
0 0 xxg8xr 11668
0 0 156u9p 20263
2 0 10
0 1 r6voiu 67307
0 0 mhox2j 5983
0 0 laq2li 31745
2 0 6
0 0 j5itw7 5983
0 0 56rlcy 17873
0 0 225pr7 17873
0 0 jcz7c0 20263
0 1 e83ccc 38324
2 1 20
0 0 ak386v 52415
0 0 6y45jk 5983
0 0 c9iuzv 52415
0 0 motywy 11668
0 1 foadxu 24244
0 1 0htuoo 97197
0 1 zm1llw 13798
2 0 4
0 0 5es179 17873
0 0 bvo34y 6386
0 1 14xvy6 92627
0 0 mt61eu 9458
0 0 jx40oy 5983
1 1mdcfv
0 1 d3qn07 40333
0 0 gtjnla 5983
0 0 6pv7fk 9458
0 0 e3v7aj 17873
0 0 o0cg3s 17873
0 1 5f1yyh 54402
1 56rlcy
0 1 17p00v 38324
0 0 tyrqqt 17873
0 1 6hkf2y 161
0 1 ayxqwf 161
0 0 al78e0 25796
0 1 3ozgqu 45741
0 1 0g4t7w 77844
1 e7uees
2 0 8
0 0 9tgxdr 20263
0 0 qu5e5f 5983
0 1 2jsu63 13798
0 0 w3ol16 6386
0 1 yoeexg 67307
0 0 yn5ozf 52415
0 0 c1oaae 79642
0 1 n5wj7c 65368
0 0 1fju79 17873
0 1 7ytc10 161
0 1 si95mp 34590
0 0 kzhmos 79642
0 1 2zppb5 67307
0 0 dz67q1 52415
0 0 o5jn42 5983
0 1 6964bi 13798
0 1 ozcueg 67307
0 1 jo6n1b 65368
0 1 op2gbo 71316
0 0 mget81 31745
0 0 6t4c0j 11668
2 1 3
0 1 ss6f01 77844
0 0 vgd5we 31745
0 0 9qxvmr 52415
0 1 5njmxq 40757
0 0 q293yg 79642
0 0 a3q9pj 17873
0 0 xsjsm3 52415
0 1 2kdwzj 2054
0 0 cjdj4n 11668
0 0 6cqvc9 25796
0 1 rboy0f 161
2 1 24
0 0 jsm6m9 79642
0 0 xi59mg 6386
0 1 a37bvb 65368
0 0 nd0re1 5983
0 1 s9awx2 55232
0 0 opnfxi 9458
0 1 5fzn0b 34590
0 0 oov1b9 79642
0 0 hxg6gx 9458
0 0 le0snt 17873
0 1 1jpbis 49686
0 1 bv4ybv 77844
2 1 11
1 1qsfyz
0 1 isdvol 45741
0 1 y8878q 34590
0 0 u13ksi 25796
0 0 08wqiw 11668
0 1 9yllmw 49375
0 0 pqjcfw 31745
2 0 6
0 1 vlbw19 7258
0 0 c4kkq6 5983
0 1 dz55su 80655
0 0 ehcckt 79642
0 0 b439h5 9458
0 0 4lptzx 17873
0 1 mc6yha 40757
0 1 nt0g25 24244
0 0 qu5e5f 79642
0 0 bzvqua 79642
0 1 4p969o 97197
0 1 q2lprp 97197
0 1 9czpkl 49375
2 0 2
0 0 ruptbl 9458
0 0 oimhb2 5983
2 1 14
2 0 10
0 0 vyxm7d 11668
0 0 5eaq3w 52415
1 bsmfao
0 1 dz67q1 62471
0 1 06pj78 71316
0 0 70fp9p 25796
0 0 mxo9ki 31745
0 1 mwdwof 92219
0 0 7p0i1z 52415
0 1 2kdwzj 13798
0 0 mhb0du 20263
0 0 nnzgl5 5983
2 1 21
0 1 jqdn82 92219
0 1 7wumd2 34590
0 0 nz6fgo 9458
0 0 1a0ac8 11668
0 1 y2hb32 40333
0 0 ycznq3 79642
0 0 406p9k 20263
0 1 mk4k30 7258
1 7ro18t
0 0 7g35i8 6386
0 0 dxxv4b 52415
1 laq2li
2 0 8
0 0 5ehvrg 25796
0 0 9u723m 25796
0 1 clhb71 92219
2 0 4
0 0 vpnnoe 17873
0 1 nij64m 65368
1 r9u1g8
0 1 m1lmsb 45741
2 0 5
1 36gad1
2 1 19
0 0 r9wiak 9458
0 0 dcscyl 17873
0 1 sazryz 49686
2 1 26
0 0 kesjjl 20263
0 0 c09lji 17873
0 0 j9nxu9 79642
0 0 rpssv4 79642
0 0 cdvszl 79642
0 1 oesggm 71316
0 1 z8fjo1 24244
0 0 cehlvb 25796
0 0 6pv7fk 5983
2 1 13
0 0 7ytc10 6386
0 1 22sirk 40757
0 1 3rxhp8 62471
0 1 i406a3 45741
1 a6p3mt
0 0 5nm2sr 79642
0 1 t4lihb 62471
0 1 2zppb5 45741
1 nf97cx
0 1 ixguig 24244
0 0 iqre9e 9458
0 1 opnfxi 67307
0 1 gtjnla 71316
0 1 bthid8 65368
0 0 nxrbp6 52415
1 7fa7qu
0 1 lzqrnp 49375
0 1 t868p4 24244
0 1 0pky5a 42675
0 0 c680yw 52415
0 0 tvd83n 17873
0 0 dnbj1k 5983
0 0 9lewfw 52415
0 0 jcz7c0 17873
0 0 up1mj4 5983
0 1 knex9n 24244
0 0 3dkgwb 17873
2 1 19
0 0 e3axfj 5983
0 0 vga7sc 25796
0 1 n5qwd3 62471
0 1 851iig 67307
0 1 gj6pk3 80655
0 1 6ar691 33732
0 1 8lkyn1 34590
0 0 l0j98i 9458
0 0 f1h0k5 31745
0 1 1yy5l2 71316
1 2z7t14
0 1 90bivh 80655
0 1 xh8zln 77844
0 0 mla9s3 52415
0 0 dk0yp9 6386
0 1 22h7f2 40333
0 0 k8ifuc 31745
1 juw21a
2 1 14
0 1 geh3l6 38324
0 0 ujx2ct 5983
0 0 t8o6vs 6386
0 1 qind4s 49686
1 hcme6g
0 0 j9m4sl 20263
0 1 o8sny2 49375
0 1 cgh2o9 80655
2 0 4
2 0 4
0 0 jxqx6d 5983
0 0 eg3t5x 79642
0 0 uenwld 17873
0 1 v08v1o 49686
0 1 c0o10e 71316
0 0 motywy 5983
0 1 t0yjpc 71316
0 0 v7lbyo 11668
0 1 9ggokw 97197
0 0 p1hd4r 5983
1 mlyq6s
0 1 v77kkw 49375
0 0 unk4yr 52415
0 1 kxsfmw 77844
0 0 uq4c73 52415
0 0 bw3wul 11668
1 1cw8kp
2 1 19
1 unhgcf
1 jx1io8
0 0 x6s6v9 52415
0 0 bj6lub 17873
1 foadxu
0 0 own5ln 52415
0 0 s6v7eo 52415
0 0 mh9yoj 31745
0 0 jo6n1b 52415
0 1 1jns88 97197
0 0 za459t 17873
2 0 3
0 0 5uk54k 6386
1 dkyj7t
0 0 cb8pug 52415
0 0 nwpcpm 9458
0 0 qzkny0 9458
2 0 3
0 0 oxnc7z 6386
0 0 a5siud 25796
0 0 tn6l5q 79642
2 0 9
0 1 4djhap 71316
2 1 3
0 1 41ayat 38324
0 1 68abyo 21569
0 1 vraz8e 67307
0 0 yp4lsv 5983
0 0 mjhvqn 52415
0 1 r2qf81 33732
0 1 bsm0pv 33732
0 1 wl6ti3 97197
0 0 aosrpc 6386
1 jwtdx6
0 1 rx5ijc 54402
0 1 0wxg3h 13798
0 1 vk4oha 34590
0 1 o7wkhz 62471
2 1 5
0 1 1ierwu 2054
0 0 oq8d7v 5983
0 0 1i50nd 5983
0 0 pkfb6s 20263
0 0 zel5kt 11668
2 1 27
0 1 7taa8w 77844
0 1 1s68zq 54402
0 1 eh6aos 62471
0 0 jb8m1h 6386
0 1 1yer3d 51815
0 0 jqc2y4 9458
1 m31ru4
0 1 8lkyn1 34590
0 1 lym893 33732
2 0 2
0 0 6vaq5w 11668
0 0 fqq2vy 5983
0 0 s99js3 79642
0 1 177r5z 13798
0 0 j22n83 11668
0 1 m9oge1 54402
1 m3rsn0
1 z29578
0 1 vlrduz 161
0 1 y0nfqc 24244
0 0 u09mnk 6386
0 1 hdrk3s 40333
0 0 gqyfyp 6386
0 1 tlsqlw 33732
0 0 r7pw8j 79642
0 1 lp1i3i 38324
0 0 y7zkru 79642
0 0 70w7l4 17873
0 1 1fju79 54402
1 2j9jyx
0 0 sye7ig 25796
0 1 k0df4a 71316
0 1 1qtf8z 13798
0 0 txk6kv 79642
0 1 15sfh0 40757
0 1 ty6usl 77844
0 1 lw9z5n 40757
0 0 vv7sgw 20263
0 0 ia4tdw 79642
0 0 71i3ut 20263
0 0 oxnc7z 11668
0 0 alh22t 5983
2 1 13
0 0 zcjncu 5983
0 1 4ln3r5 13798
0 1 icdbxg 54402
0 1 3z0shm 49686
0 0 utpvzf 5983
0 1 icdbxg 49375
0 0 b7q7ym 25796
0 0 sfi57u 20263
0 1 wq7enb 92219
0 1 k6lzld 45741
0 1 f8apis 77844
1 x1drvl
0 0 1i50nd 25796
1 dkyj7t
0 1 0g458v 80655
0 1 g4vokz 7258
0 0 qwtkzs 79642
0 1 n5qwd3 21569
0 0 oc5xgl 31745
0 1 9jvguh 62471
0 0 2c1yg9 5983
0 0 xbbz0q 11668
0 1 pii3xn 24244
0 0 1avy2l 20263
0 1 l0xn26 54402
0 1 vraz8e 2054
0 1 w36obh 92219
0 0 wl90v5 52415
0 1 u67mdi 21569
1 9j9ls9
0 0 m0e6wu 11668
0 0 kbeu26 79642
0 1 al78e0 38324
0 0 osgi9c 31745
0 0 8z08yc 9458
0 1 svzohm 42675
0 1 ovptmh 62471
0 1 jylq3p 51815
0 0 m8bwlb 11668
0 1 0iokgk 161
0 1 sdut8d 42675
0 0 tn6l5q 5983
0 1 j9m4sl 7258
0 0 cnx5vz 79642
0 0 avcvct 31745
0 0 j9nxu9 52415
0 0 g61o5p 31745
0 1 symho2 92219
0 1 vg02tt 13798
0 1 3bn806 40333
0 1 tyzf8x 13798
0 0 7i9qgu 9458
0 0 o9wdly 17873
0 1 2bkfn6 49686
0 1 mli4o5 7258
0 0 wfeqhg 52415
0 0 512nob 25796
0 1 fx38u7 49375
0 0 urdiu0 6386
2 1 6
0 0 nsnygx 17873
0 0 agfaon 9458
0 1 5j24t2 71316
0 0 5imhta 17873
0 0 yaimx1 5983
0 1 wq7do3 80655
0 0 fy73a0 52415
0 0 feyte6 9458
0 1 lw9z5n 34590
0 1 8ctmuu 38324
0 0 225pr7 31745
1 nlecgn
0 0 uq4c73 9458
0 0 5nm2sr 25796
0 1 00gh59 49375
0 1 mwdwof 67307
0 0 r921po 6386
0 1 iz1cdj 65368
0 1 n2n2qf 40333
0 0 icdbxg 11668
0 0 ck3evr 20263
2 0 6
0 0 h73cve 11668
0 1 sdfht1 40333
0 0 4bjvlq 11668
0 1 g27i6q 161
0 1 oiq8y3 40757
0 0 y2oydp 5983
0 0 htdcro 5983
0 1 5ehvrg 42675
0 0 uenwld 5983
0 0 s0rwb5 52415
0 1 504b4t 45741
0 1 31rgwc 92627
0 0 d7t4w9 11668
0 1 igwe4u 62471
1 5empeo
0 1 djmotj 80655
0 1 8ntj7u 40333
0 0 doql8e 5983
2 0 4
0 1 3kj6ce 38324
0 0 4vrlbe 17873
0 0 1k24qj 17873
0 1 iqkbt2 161
0 1 jsm6m9 45741
0 1 c68b7f 55232
2 1 24
0 1 nxrbp6 49686
0 0 0xls66 17873
0 0 7mf5kh 20263
0 1 dd30qp 51815
0 0 bd5b6j 52415
2 1 21
0 0 h875m6 31745
0 1 wp28k4 34590
2 0 3
0 0 654lqx 5983
0 0 sp5d6x 79642
0 0 lw9z5n 17873
0 0 xhyc7y 25796
1 doql8e
0 0 954iyl 31745
0 0 yqt7g8 6386
2 0 2
0 1 h18f5l 49686
0 1 hwhei6 38324
2 1 9
2 0 2
0 1 41ayat 40757
1 8enzod
0 1 nscgaf 92219
1 5eaq3w
0 1 u13ksi 51815
0 0 za459t 9458
0 1 kjfhny 34590
0 1 xaual7 62471
0 1 vpthq4 49686
0 1 mhl7dx 33732
0 0 dd30qp 11668
0 0 nt0g25 17873
0 0 isdvol 25796
0 1 u4x29t 65368
0 0 vk4oha 31745
0 1 xjufg0 55232
0 0 45atrf 6386
0 0 mr54qb 6386
0 0 nxrbp6 17873
1 vgh3zw
0 0 1uawe8 11668
0 1 j9ahhy 38324
0 1 8ctmuu 49375
0 1 n621x8 55232
0 0 qg8u9x 79642
0 1 lpq9vb 51815
0 0 0d4l85 11668
0 1 6r8j0h 49375
0 0 7q5q7k 20263
0 1 xsjsm3 65368
2 0 3
0 0 rc7dih 52415
2 0 8
0 1 jfzxht 92219
0 1 k0ht3p 24244
0 0 pcmhg8 52415
0 0 l21qqb 9458
0 1 y0xp3s 45741
0 0 xu5fq0 79642
0 1 9bqme2 97197
2 1 9
0 0 jhoepj 52415
0 1 06pj78 38324
0 0 mu199n 20263
1 krykkk
0 1 jylq3p 92219
0 1 2fci4w 42675
2 0 4
0 1 hv7bci 62471
0 1 wqu6cf 54402
0 1 41ayat 65368
0 1 08wqiw 65368
2 0 4
0 0 z2cngn 25796
0 0 5njmxq 17873
0 0 0g458v 20263
0 0 ipese9 11668
2 1 1
0 1 32y3ze 55232
0 0 psn98j 25796
0 0 mu0q4i 17873
0 1 dnnvrb 62471
0 0 pmdib9 79642
0 0 upoeso 52415
0 1 8kte5o 71316
1 4zptpb
0 0 b2i5vx 31745
0 1 i6gqzg 92627
0 1 u7f1f9 62471
1 ieetz8
2 1 7
0 1 g0lcet 42675
0 1 4d3pc4 51815
0 0 70r6rd 6386
0 0 8ezhio 31745
0 0 6fbv9h 5983
0 0 d6tsjl 9458
0 0 bq1pjd 9458
0 0 w828i7 20263
0 1 qtaj9x 45741
0 0 zvh9cu 31745
0 0 flzv47 11668
2 1 8
2 0 1
0 1 pkwr7b 80655
0 0 y72xf7 9458
1 9gdskg
0 0 v4pclx 25796
1 ge28h2
0 0 8uabnn 9458
0 1 nl53xc 71316
0 0 yu8f1q 52415
0 0 urdiu0 6386
0 1 kel9xz 161
0 1 zguryx 40333
0 0 an5eh7 20263
0 1 26yzam 21569
0 0 qebtjt 6386
0 0 4bjvlq 5983
0 1 xi59mg 45741
0 1 1yy5l2 92627
0 1 rjnp7n 54402
0 1 hoixbm 54402
0 1 3g58xa 54402
1 4qe5q8
0 0 91nnzg 20263
0 1 d2bgny 34590
1 q5uzyq
2 0 8
0 0 ipkbt0 25796
0 1 b7q7ym 92219
1 a1x40l
2 0 5
0 1 7hushh 13798
0 1 954iyl 24244
1 nh0rmc
1 klbsn3
0 0 4lzntw 17873
1 pm4pn9
0 0 oc5xgl 11668
1 8nd3mz
0 0 zn0y0w 11668
0 1 pdpyld 97197
0 0 4q6z0z 20263
0 1 ll5277 45741
0 0 c9iuzv 79642
0 1 zyr7i4 49375
1 lhuq8t
0 0 mrbdjd 20263
2 1 27
0 1 sp5d6x 55232
2 0 1
0 0 rdowxt 11668
0 1 0q1do8 34590
0 0 41i4vl 31745
0 0 o7xbz6 79642
0 0 7gtzdu 52415
0 0 vk4oha 31745
0 1 7lk078 34590
0 0 hm114a 79642
0 1 tvd83n 40757
0 1 t8o6vs 21569
0 0 zrioh5 5983
2 1 11
0 1 qn86um 13798
0 0 qhf6cb 52415
0 1 0va19l 13798
0 1 dnc389 80655
2 0 5
0 1 zj7cit 77844
0 0 r9vvul 5983
0 1 povuk2 21569
1 givd5e
1 1jado5
0 0 4m7svl 17873
0 1 5034ke 92627
0 0 m4zbp1 9458
0 0 g1hleo 25796
2 1 16
2 1 24
0 0 fkkpf5 25796
0 1 n69187 54402
1 7vuc9n
0 0 turywt 20263
2 1 17
0 0 r2qf81 11668
0 1 qu5e5f 38324
0 1 5mljqd 77844
2 0 10
0 0 e3z07v 5983
0 0 nl53xc 25796
0 0 alrkk4 17873
1 nfaeau
0 1 jgcbdr 92627
0 0 v2h0mv 25796
0 0 0culsx 20263
2 0 6
0 1 41zvlq 40333
0 0 mu32np 52415
0 0 45xq3q 9458
0 0 w5nnl4 17873
0 1 b0ja1r 33732
0 1 gb3vv3 62471
0 0 fkkpf5 79642
0 0 5cyzzo 17873
0 0 gu126s 17873
0 1 4d3pc4 62471
0 0 rv8uvi 20263
0 0 ujlcwx 25796
0 1 x1wfbb 92219
0 1 vnuomr 67307
0 0 p0f2je 31745
0 1 wy7rw2 40333
0 1 z8fjo1 67307
0 0 2kdwzj 25796
0 1 fauis8 33732
0 1 dtsvtq 24244
1 ni6fxu
0 0 hgt2kb 5983
0 1 etn2nl 49686
2 1 16
0 0 z3sd29 25796
0 1 ok8quc 38324
0 1 e1rwsc 21569
0 1 f04gnw 92219
0 0 8ctmuu 9458
0 0 8ihexk 9458
2 1 7
0 0 tbbaju 6386
0 0 lpq0fj 6386
0 1 kqkg2m 2054
0 0 wdecba 17873
0 0 5geqg2 20263
0 0 bl3vr8 5983
0 0 a0src1 79642
0 1 djgrri 2054
0 0 oj3mim 5983
0 1 cehlvb 42675
0 0 4ybgo4 20263
2 0 6
0 1 u1p9ji 2054
0 0 pfwefx 17873
0 1 r6n8vv 92219
2 0 4
0 1 wwnjqy 24244
0 1 pffdlu 51815
0 1 u7pbqw 54402
0 0 36lshv 5983
0 1 fn6ib9 49375
0 0 2bkfn6 52415
0 0 lym893 31745
0 0 qwtbu4 20263
0 1 sud6hb 7258
0 0 pk9ie7 20263
0 0 q2lprp 25796
0 0 pr6e7w 9458
0 0 u14irw 25796
0 1 8o6ws3 92627
0 1 xotp90 13798
2 0 6
0 1 bpadf2 13798
2 0 9
0 0 32sqle 17873
0 0 wl54j4 9458
0 1 ozxfuq 33732
0 1 8ezhio 71316
0 0 h875m6 31745
0 1 tgpam8 54402
1 5hqfvs
0 1 ieetz8 40757
0 1 27na8g 65368
0 0 uwybor 31745
0 1 h40680 13798
0 1 j5itw7 92219
0 0 yswpyv 9458
0 0 my5q89 25796
0 0 ot62qr 20263
0 1 kqkpcd 51815
0 0 38fh7y 9458
0 0 j0rcd7 11668
0 0 ac1p2l 79642
1 tyzf8x
0 1 dqnge2 67307
0 0 0u6zuh 6386
0 1 n7itwj 24244
0 1 39q9d3 13798
0 1 g82pf5 7258
0 0 0z3lhe 79642
0 1 9eui3q 55232
0 1 w36obh 62471
0 1 ksogdr 45741
0 0 gp7ago 31745
0 0 bl3vr8 11668
0 0 nix2bq 9458
2 1 19
1 djfmw1
0 1 xrnxs3 80655
0 1 6awyih 24244
0 0 4sgyzz 52415
0 1 rl7dqe 2054
0 1 ipod5i 54402
0 0 doql8e 31745
0 1 juq1ha 33732
0 0 nd0re1 11668
2 1 24
0 0 u2ogrb 25796
0 1 123a4p 38324
0 0 tafiby 20263
0 1 udw3xy 92219
0 0 jpq42d 20263
0 0 9kum3n 25796
0 1 avcvct 80655
2 0 2
0 1 dz9qd0 77844
0 1 hg7hvy 92627
0 0 f2w9mt 31745
0 0 vk6y8f 79642
2 0 8
0 1 v72m4l 92627
0 0 d6zcry 6386
0 0 2ec61e 52415
0 1 3rvawt 34590
2 1 19
0 1 jhb3j1 51815
2 1 14
2 0 10
2 1 7
0 1 lqctcp 42675
0 0 n2n2qf 11668
0 1 r08me1 55232
0 1 dks6w1 42675
0 1 bzjpk0 71316
0 0 qu5e5f 20263
0 0 64tzqn 52415
0 1 e0mcb7 92627
0 0 551uph 11668
1 hmcitb
2 1 19
0 0 jwhk8y 31745
0 1 inwwzk 24244
0 0 vqhrub 79642
0 0 hxiocf 6386
0 1 ufth6g 33732
0 0 n2n2qf 20263
0 1 muz3yx 92627
0 0 own5ln 17873
0 0 swdw43 79642
1 w5uqci
0 0 7zusiu 31745
0 0 roy7pf 25796
0 0 cwn6ko 6386
0 1 j4cvga 38324
0 1 yyrip3 62471
0 0 yddnx5 31745
2 1 20
0 1 8i2fuu 34590
0 0 1m5429 17873
0 0 cz70d0 5983
0 0 jay0rw 11668
1 vg02tt
0 1 ejpnaj 2054
0 0 7g7kpl 17873
0 1 ga9vud 2054
0 1 cgojiw 77844
0 0 zoolqr 11668
0 1 9nf54s 33732
0 1 8ctmuu 38324
0 0 5034ke 5983
0 0 q47bet 31745
0 1 tndvaa 40333
2 1 11
0 1 ll5277 54402
0 1 504b4t 49375
0 0 nc7i13 17873
0 0 sxxczj 25796
0 1 mjhgls 49686
0 1 alrkk4 77844
0 1 n621x8 45741
0 0 mo1nxk 11668
0 0 c61eux 17873
0 0 q9hxdy 20263
0 1 bo9utm 13798
0 1 lgb1pc 38324
2 1 16
0 1 i6ijf7 45741
0 0 n9x4jo 52415
2 0 4
2 0 7
0 0 cbjzjj 11668
0 1 bl2l53 77844
0 0 uwdhz4 20263
0 1 udrvd9 65368
0 0 nlj5ky 20263
1 myw31g
1 r9vvul
0 0 bj6lub 52415
0 0 e6k8zg 9458
0 1 2rswyi 40757
0 0 g1u3vb 5983
0 0 o1dsri 11668
1 cgojiw
1 5zwhsc
0 0 az0g2u 17873
1 x1drvl
0 0 233erf 79642
0 1 lfp9d4 21569
0 0 hg7hvy 52415
0 0 mqwrei 25796
0 1 8l0qb9 51815
0 0 406p9k 5983
0 1 oiq8y3 38324
2 1 17
0 0 k4kjs6 52415
0 0 wq7do3 9458
0 1 yp4lsv 67307
1 kzr636
0 1 nik568 54402
0 1 z4ghlk 13798
0 1 y2oydp 92627
0 1 4bcrym 49686
0 0 a78x4s 5983
0 0 4i2ppl 5983
0 1 7vuc9n 33732
0 1 iopjx1 161
1 wkd54j
0 0 wz42cg 9458
0 1 02rm2s 65368
0 1 2m2zk4 42675
0 0 4ly55m 11668
1 n7et65
0 1 grwx4n 49686
2 1 8
0 0 lo5bi2 6386
0 0 5ttpu2 6386
0 0 rpuyq9 5983
0 0 9nhtk9 9458
0 1 fwr5wg 54402
1 pe3xdp
0 1 o4avkd 55232
2 1 8
0 1 9dx32i 77844
0 1 41ayat 40757
0 0 lzzp4r 9458
0 0 d900wr 79642
1 pb2gpy
0 1 ocb2d8 38324
0 1 own5ln 80655
0 1 mk4k30 62471
2 1 12
0 1 6cmeg0 55232
0 1 3sqain 49375
0 1 q8lllk 2054
1 0pky5a
0 0 htt2ob 25796
0 0 38fh7y 6386
0 1 cht9xs 33732
1 sdut8d
0 0 jnjopb 79642
0 1 jay0rw 77844
0 1 gtjnla 40757
0 0 k58tp7 52415
0 1 qlxfln 161
0 0 3n7tqh 25796
1 npb09b
0 1 adyf6f 40757
0 1 yi2ko6 34590
0 0 z3sd29 11668
0 1 7d653t 80655
0 1 n9x4jo 65368
0 0 myyu5w 31745
0 0 fae39a 5983
0 1 2bwy6i 38324
0 1 sw3l8z 49375
0 1 fxknvr 77844
0 0 2aki84 17873
0 0 130o0d 20263
0 1 g8xrx9 49375
1 72m7ah
2 0 4
0 0 jtpstn 17873
0 1 yibt1p 161
2 1 13
0 0 9az25f 31745
0 0 5qn0ng 31745
0 1 0mauow 67307
0 0 k0ht3p 9458
0 1 ps2yqi 34590
0 1 od85jw 54402
0 1 gq1swe 65368
0 0 dnc389 5983
0 1 u61owu 21569
0 0 htmhkx 11668
0 1 kgt1m2 67307
0 0 4ddk53 6386
0 0 wq7do3 20263
2 1 9
0 1 nus5na 161
1 jqlp1j
0 1 nq3e6f 13798
0 1 yu0tek 80655
1 xr5ws3
2 1 16
2 1 16
0 1 263r09 67307
0 1 mhb0du 92627
0 1 cgh2o9 92627
2 1 5
0 0 slldos 52415
0 0 fl6ugg 6386
0 1 1mulnj 80655
0 1 o9wdly 33732
0 0 wzifd0 79642
2 1 1
0 0 3k5xr6 17873
0 1 01fwl8 55232
0 1 af8ksz 51815
0 0 uxds2x 9458
0 0 zbd1jx 9458
0 0 pdpyld 11668
0 0 d6me4k 20263
0 1 6vrl83 92219
0 1 ejvt0j 97197
0 1 dcscyl 62471
0 0 1qtf8z 9458
0 1 w8mww5 40757
0 1 exxwl2 38324
0 0 2zsc0h 20263
1 phtcht
0 1 3mb0hy 65368
0 1 j3a8w7 33732
0 0 3yobgl 79642
0 1 yi07d0 2054
0 1 dvosic 65368
0 0 lo7nr7 6386
0 0 225pr7 6386
0 1 m31ru4 13798
0 1 ac1p2l 80655
1 ru8k37
0 1 fr5j0n 65368
0 1 zbd1jx 92627
1 pqjcfw
0 0 fx38u7 31745
0 1 i17dgh 45741
0 0 o8sny2 31745
0 0 kbeu26 52415
0 0 p3527w 25796
0 1 83tt6q 67307
0 1 15sfh0 67307
2 1 14
0 0 j4cvga 5983
2 1 2
0 1 i4xp8k 161
0 1 pgagoo 45741
0 0 u7pbqw 52415
0 0 w43ejn 17873
0 0 sxxczj 6386
2 1 17
0 1 ulpjql 54402
0 1 iavste 40757
0 0 u3q8jq 5983
0 0 4lzntw 5983
0 1 yqtsu3 54402
0 0 v3sjdz 79642
2 0 8
0 0 i2axqc 9458
1 nihd4g
0 1 i406a3 92219
0 0 500n2n 31745
0 0 yaimx1 25796
0 0 bthid8 52415
0 0 pkfb6s 17873
0 1 grap3y 80655
2 1 11
0 0 5m0t1t 31745
0 1 vg02tt 34590
2 1 20
2 1 26
0 0 ls34su 20263
0 0 5xzoli 25796
0 1 dor6sg 161
0 0 q293yg 17873
0 1 n4po67 65368
0 0 k8ifuc 9458
0 1 alh22t 77844
0 0 l79jes 6386
0 0 tvk8nk 6386
0 1 0jlntt 65368
0 1 za459t 7258
0 1 13bm3h 92627
0 1 v129q7 49375
0 0 1vty62 17873
2 0 3
0 1 65h9df 55232
0 0 45atrf 6386
0 0 o68k3v 31745
0 0 38e9yt 31745
0 1 zyr7i4 54402
0 0 d6r5of 79642
0 0 k97rvi 9458
0 0 bplhqx 6386
0 1 f05bus 92219
0 1 5r6mee 54402
0 0 mvdfbs 25796
0 1 g058yo 80655
0 0 64tzqn 25796
0 0 w2lymu 79642
0 1 qxaaff 49686
0 0 euo4yi 79642
0 0 5obfpe 9458
0 1 qbqnjk 49686
0 1 gdonxn 13798
0 0 3sqain 31745
0 1 mhl7dx 40757
0 0 3w55qp 79642
0 0 fkkpf5 9458
0 1 qef0oy 62471
0 0 0q1do8 5983
0 0 3u2os5 17873
0 1 pwxdeh 71316
0 0 s9awx2 31745
0 1 4paq0w 65368
0 0 vddv3u 25796
1 6t4c0j
0 1 n9mdtq 55232
0 0 qrqlw6 79642
0 1 own5ln 67307
1 htmhkx
0 1 icdbxg 67307
2 1 4
0 0 ysjd85 20263
0 0 e6r719 11668
0 1 mrbdjd 71316
0 1 qrzgad 34590
1 djgrri
0 1 yu0tek 67307
1 xrnxs3
0 0 9wa7wv 11668
0 1 4sgyzz 92219
0 1 sc7971 92219
2 1 22
0 1 7ro18t 2054
0 0 zz4bkj 6386
2 1 14
0 0 uezgmd 5983
0 1 894bdm 49686
0 0 kdeh4q 31745
0 1 drhp8p 33732
0 0 iavste 20263
0 1 gct6ik 55232
0 1 h875m6 21569
0 1 uo279q 42675
0 0 grs3hu 17873
0 1 dffijk 40333
2 0 1
0 0 5imhta 6386
0 1 1yibvd 2054
0 1 l7s9wy 38324
0 0 jwl83j 9458
0 0 yu0tek 5983
0 1 yhx8ao 71316
0 0 t6di6w 20263
0 1 cv12hp 51815
1 bd5b6j
0 1 1q9vwq 161
1 v77kkw
0 0 bzs4ry 52415
0 0 hmcitb 31745
1 nkoltq
0 0 wl6ti3 20263
2 1 16
0 0 0dycdx 9458
0 0 ib91pl 31745
0 1 qa7x9h 54402
0 0 7bzr3o 20263
0 1 zbhhmh 13798
1 4q6z0z
2 1 2
0 1 xu5fq0 92627
0 0 phl4un 25796
0 1 yosvkn 34590
2 1 26
0 1 6dsz2g 51815
0 0 kwfoo9 20263
0 1 mjhgls 67307
0 0 scl2wi 9458
0 1 zcjncu 80655
0 1 cz70d0 77844
0 0 4i5t8k 11668
0 1 w62skz 40757
0 1 sspsto 77844
0 1 0bzlw9 92627
0 0 fqq2vy 5983
0 1 0pgwn9 49375
1 yq3b4j
1 nz6fgo
0 0 93fie4 52415
2 0 4
0 0 8qy8ig 5983
0 1 6p9sl0 42675
0 0 ss6f01 9458
0 1 am32st 13798
0 1 d870l4 38324
0 0 m8xuhp 17873
0 1 w3sado 92219
0 0 uezgmd 11668
2 0 9
0 0 68q37z 79642
0 0 rc7dih 25796
1 bgtmzz
0 1 b0ja1r 2054
0 1 stsily 92627
0 0 l7xw8l 52415
0 1 qoakle 40333
0 0 l3yu15 17873
2 0 6
1 rossp5
2 0 9
0 1 gq37xz 42675
0 1 64tzqn 51815
0 1 upoeso 92627
2 0 4
0 1 9ojwc5 40333
0 1 bgxguq 62471
0 0 vic58k 5983
0 0 cht9xs 25796
0 1 xhdkb0 45741
0 0 7gb2d5 5983
0 1 g5f4oq 40333
0 1 kgt1m2 77844
1 pr6e7w
2 1 6
0 1 kvdvbx 33732
0 1 h0fqnd 62471
0 1 6pn6qk 24244
1 6os14t
0 1 nosepe 24244
2 0 1
1 v60vf7
0 1 ld1exk 92627
0 0 fwl17j 9458
0 0 98h8bf 9458
0 0 fem553 6386
0 1 yt5395 55232
0 1 qu5e5f 21569
0 0 7ncec5 6386
0 1 c9iuzv 7258
0 1 wq7enb 24244
0 0 pwxdeh 6386
0 0 0wxg3h 9458
1 dp87pu
0 1 qm6fzp 161
0 0 msaba6 5983
0 0 57uh22 17873
0 0 2mf86x 11668
0 1 9ctlw3 21569
1 p0fiff
0 0 qhf6cb 17873
0 1 b2dkdo 67307
0 0 9xkemx 6386
0 0 f3uwpl 5983
0 0 1qtf8z 5983
0 0 jb8m1h 52415
0 0 mvdfbs 79642
0 1 dg2t2i 49686
0 1 38hc4d 40333
0 0 41xrvu 5983
0 0 ii5qnn 17873
0 1 wsxzpy 45741
0 0 hz9g36 25796
1 6ahadb
0 0 fgb0v0 20263
1 1s68zq
0 1 ieetz8 54402
0 0 rv8uvi 17873
1 nt0g25
0 0 xeclfn 20263
0 1 bv4ybv 55232
0 0 p9okwd 79642
0 0 oo6goo 52415
0 0 1kwjpr 17873
2 0 8
0 1 d0299z 161
0 1 j9f5sz 34590
0 1 lr3nya 40333
0 0 qhf6cb 25796
0 1 brxbgm 40757
0 0 012x6f 9458
1 8zzqje
0 1 z11m1x 67307
0 1 pr6e7w 40757
0 0 lowlfb 6386
0 1 ps0qtm 62471
0 1 qaxd89 21569
0 1 8ihexk 49686
0 1 l10080 67307
0 0 4goagm 52415
0 0 spvzsg 9458
1 6npjvm
0 0 do0auh 20263
0 1 j4hywq 42675
1 9lewfw
0 0 2gy4q6 31745
0 1 2ec61e 92219
2 1 16
1 lrq5hp
0 0 j3a8w7 6386
0 0 9k8n61 11668
0 1 0iokgk 97197
0 0 0pt9hj 20263
0 0 cwcoy5 11668
0 0 goll9f 5983
0 1 0pt9hj 49375
0 1 91nnzg 21569
2 0 1
0 1 j46dci 51815
0 1 8zzn1k 40757
2 0 8
0 1 xs3nb8 92627
0 1 hvtap1 92627
0 1 tl6cdk 34590
0 0 86btfd 5983
1 e32g9k
0 0 mg2ule 11668
2 1 10
0 1 yvnkm9 40333
0 1 evtbkk 24244
0 1 akgcs5 54402
0 1 icwyrw 2054
0 0 7g7kpl 31745
0 0 yddnx5 25796
0 1 x1bsue 97197
0 1 pii3xn 67307
0 0 8ntj7u 20263
0 0 7mf5kh 9458
0 1 n3akw3 38324
0 0 pjat2q 52415
0 0 6rj7a2 5983
0 0 dnxu3v 31745
0 1 gu6jbd 62471
0 1 187g1a 21569
0 1 myyu5w 33732
2 0 9
1 0zfg0p
1 1a0ac8
0 0 21mhfu 5983
0 1 vqhrub 40757
0 0 u14irw 20263
0 1 vu4ed1 40757
0 1 bplhqx 71316
1 g058yo
0 0 3qzzcn 20263
0 1 1cw8kp 13798
0 0 k0b5d4 31745
2 1 12
0 1 rjnp7n 54402
1 w62skz
0 0 ykhdy3 11668
0 1 r9vvul 13798
2 0 6
2 1 2
0 0 uurpu1 9458
0 0 3yldtf 6386
2 1 10
2 0 5
0 0 0kqbh1 52415
0 0 xsj6k1 25796
0 1 le0snt 49375
0 0 itpz0f 9458
0 0 ifpp3z 52415
0 1 fqq2vy 40757
0 0 upoeso 25796
0 0 4gto5y 5983
0 0 5w794r 20263
2 1 4
0 1 angylf 34590
0 0 y7zkru 79642
0 1 91nnzg 40757
2 1 17
0 0 gxwapz 6386
1 dnxu3v
0 1 iw27sy 24244
0 1 fmxt0t 55232
0 1 kklkea 2054
0 0 b1r5ja 6386
0 1 bu2rln 92627
0 0 xhyoao 25796
1 0oa12c
0 0 w8mww5 6386
0 1 clhb71 40333
2 0 4
0 1 7vs7us 80655
2 0 5
1 5xzoli
0 0 r921po 9458
0 1 rhglpb 38324
0 1 dwdgac 55232
0 1 ckmzxa 2054
1 78ik0u
1 jm168a
2 0 6
0 0 lzzp4r 11668
0 1 82j5nl 40757
0 1 2z7t14 49686
0 0 bthid8 79642
0 0 4bcrym 52415
0 1 64ecb6 49686
1 8i2fuu
2 0 8
2 0 7
1 kzhmos
0 0 6vrl83 52415
0 1 p7q86r 97197
0 0 mu32np 6386
0 0 ednv6v 20263
0 0 49krtx 9458
0 1 177r5z 80655
0 1 4p969o 24244
0 1 bkd220 45741
0 1 llalio 80655
0 0 t0yjpc 5983
0 0 l3r5j7 5983
0 1 llalio 24244
0 1 1q4wmm 71316
0 1 2spjeo 161
0 0 nz6fgo 25796
0 1 1vty62 92627
0 1 usp4y0 2054
0 1 q3lqmn 42675
0 0 hmcitb 25796
0 1 2nvllm 49686
0 0 bkd220 6386
0 0 6mohvm 17873
0 1 3rxhp8 161
0 0 h3hizi 6386
0 1 7fa7qu 13798
1 654lqx
0 1 jay0rw 34590
0 0 lpq0fj 17873
0 1 dk6u0k 45741
0 0 n5wj7c 9458
0 0 8nd3mz 6386
0 1 e6r719 55232
0 1 hend2j 92219
0 0 dnc389 17873
0 1 38j168 54402
2 1 2
0 0 43dqwx 6386
0 0 2gy4q6 9458
0 1 hlhlmt 92219
0 1 vdb906 49686
0 1 d7x9lq 51815
0 1 az3fkm 42675
0 0 0cby6z 79642
0 0 rossp5 9458
1 ey1y3x
1 6c4577
0 0 1avy2l 17873
0 1 lysa1i 62471
0 0 ls34su 9458
0 1 zro0cx 51815
0 0 bbb395 5983
1 dnnvrb
0 1 vjoels 13798
0 0 imgkyu 31745
1 km27ct
1 vhdzqk
2 0 5
0 1 ah2txv 161
0 0 3yobgl 9458
0 0 64tzqn 31745
0 0 6a71f0 20263
2 0 9
0 1 qt4psl 7258
0 1 wge1w0 51815
1 qsf4cm
2 1 12
0 0 e7uees 6386
0 0 088nzh 52415
1 xrqdx7
0 0 g5hglr 11668
0 1 7vs7us 49686
0 1 qhcn3e 77844
1 i17dgh
0 0 i6ijf7 20263
0 0 t160on 11668
1 mwdtl9
0 1 0bzlw9 67307
0 0 wt8kj4 31745
0 1 lxfbvf 65368
0 1 0pgwn9 24244
0 1 ymr3yk 40757
0 1 4bjvlq 24244
0 1 2l08gv 13798
0 1 dr72vd 97197
2 1 5
0 1 zel5kt 92219
0 1 vxk5cq 49375
0 1 b2i5vx 24244
0 1 lp1i3i 21569
0 0 2zppb5 11668
0 0 7foyv6 31745
0 1 q5uzyq 45741
0 1 zlbxai 49686
0 1 g4b5u6 65368
0 0 5wyx0i 25796
0 1 c680yw 80655
2 0 6
0 1 ljtwgr 38324
1 26j4u3
0 1 sv5h58 71316
0 1 mqwrei 33732
0 0 t0yjpc 79642
0 1 efy5kj 80655
0 1 jxqx6d 33732
1 r7154e
0 1 p9dpsj 49375
0 1 lp9axd 54402
0 1 366xku 38324
1 lo7nr7
0 1 e36lj8 34590
0 0 6nipt4 9458
0 0 fpmodk 25796
0 0 y0nfqc 20263
0 0 b0ja1r 17873
1 whh4x4
0 0 4q6z0z 52415
0 1 lao16n 40757
0 0 wsxzpy 79642
1 x8t5qm
0 1 1uawe8 49375
0 0 uly152 25796
0 1 6y45jk 24244
0 0 t5gw11 5983
2 1 19
0 0 nz6fgo 9458
2 1 1
0 0 dic500 6386
0 0 zixjz4 31745
0 0 tf92h0 31745
0 0 9vn4f9 9458
0 1 feyte6 62471
0 1 ile01k 97197
0 0 17o8gz 5983
0 1 0ate4f 92219
0 1 q7vwq8 55232
2 1 16
0 0 hv0apl 52415
0 1 263r09 92219
0 1 3rbv23 92627
0 0 q5uzyq 17873
2 1 3
0 1 7g35i8 80655
0 0 ey1y3x 9458
0 1 sbusn2 51815
2 0 1
2 1 8
0 0 h8qy3w 6386
0 0 bnl6g0 17873
2 1 9
0 0 3rbmcf 31745
0 0 z715cq 9458
0 0 pyeslj 17873
0 0 b64dgi 25796
0 0 wku4xe 17873
0 1 0pgwn9 55232
0 1 sye7ig 49686
0 1 w828i7 34590
0 0 nus5na 17873
2 1 8
0 1 8ntj7u 92627
0 0 dcscyl 11668
0 0 05dh2x 20263
0 1 ad1gpm 40757
2 1 7
0 1 im1323 45741
0 0 i38ner 11668
0 0 9mx2w7 17873
1 b439h5
0 0 qtaj9x 11668
0 0 mhl7dx 20263
0 0 fkpjah 79642
0 1 nvlzvh 161
0 0 tafiby 79642
0 1 h15o8s 42675
0 1 ll5277 38324
0 1 22h7f2 54402
0 1 9j9ls9 71316
0 1 jz9fne 40333
0 0 dic500 25796
0 1 0xtia7 77844
0 0 9lo6uu 9458
0 0 yibt1p 20263
1 5732xe
0 0 5daxx2 5983
0 1 pfegva 49686
0 1 u7pbqw 62471
0 0 nugbsf 25796
0 0 wfeqhg 6386
1 isegyi
2 0 1
0 0 p3cay9 11668
0 1 8jw597 92627
0 0 1mdcfv 31745
0 1 5j6kr5 67307
0 1 2la08y 45741
0 0 m7ajjn 25796
0 0 am32st 11668
1 pg30rx
0 1 73x4xu 49375
0 0 ast7hj 20263
0 1 b44fh2 71316
0 1 q8lllk 42675
0 0 ayxqwf 11668
0 1 41ayat 2054
0 0 mtqyrw 20263
0 0 2yz7pg 25796
0 0 445ayt 25796
0 1 ot51k1 7258
0 1 q8xmuq 77844
0 1 c06y5j 7258
0 1 6fxbau 40757
0 0 zbhhmh 31745
0 1 mhb0du 55232
1 sf10tc
0 0 zm1llw 17873
0 0 vr8tg0 25796
0 0 z715cq 9458
0 1 jotaec 92627
2 0 4
0 1 dd30qp 21569
2 1 10
2 1 16
0 0 4d3pc4 5983
2 0 10
0 1 gnskhp 40333
0 0 tqwrfz 52415
0 1 jwb1x3 24244
0 0 vulm25 79642
0 1 sode42 97197
0 1 sp5d6x 7258
0 0 lo7nr7 17873
0 0 wnd3j7 6386
0 0 0bzp0n 17873
0 0 s9sxm5 52415
0 1 0dycdx 97197
0 1 1e811o 161
0 0 g6x8hy 31745
0 1 dffijk 2054
0 0 o7wkhz 31745
0 1 dbqmcu 71316
0 1 3hw1kk 67307
0 0 cz7c6k 11668
0 0 8ndhle 52415
0 1 fs9zz5 67307
0 1 c63jp0 40757
0 1 jxjwtj 24244
0 1 xsj6k1 77844
0 0 zj7cit 17873
1 v07chb
0 1 f3n2wd 80655
1 nf97cx
0 0 26j4u3 79642
2 0 2
0 1 jrnty7 92627
0 1 0tdzai 40333
0 1 ipod5i 49375
0 0 u4x29t 31745
0 1 2yz7pg 77844
0 0 my1x3v 5983
0 1 oewmdg 77844
0 1 mhox2j 49375
0 0 8ayz8j 6386
0 1 9s0gl6 161
0 0 m4zbp1 6386
1 80q2mi
0 1 nmq793 77844
0 1 ae5n1n 24244
0 0 cju3i3 20263
0 0 3uy814 20263
0 1 8k6y8s 49375
0 0 8rg4d9 9458
0 1 rc64w3 77844
0 1 ckmzxa 92219
0 0 up8wg7 20263
0 1 cngbcw 49686
0 0 65y0g4 5983
0 1 zoolqr 7258
0 1 az0g2u 45741
0 1 mdaejn 2054
1 9k8n61
0 0 5j24t2 20263
0 1 k0b5d4 92219
0 0 04fcut 17873
0 1 x0g27j 40757
1 v129q7
2 0 1
0 1 oov1b9 77844
0 0 cq542x 20263
0 1 hgt2kb 161
0 0 6vrl83 20263
1 49b3fc
0 1 syhb7m 45741
0 1 k4kjs6 62471
0 0 m11psd 11668
0 1 6fbv9h 34590
0 0 2hlxgu 9458
0 1 00gh59 80655
0 1 f71pcw 92219
0 1 pmmlxq 38324
0 0 ey1y3x 5983
0 1 5mljqd 49375
0 0 16zmmc 9458
0 0 5daxx2 6386
0 0 qaxd89 31745
0 1 rgwg9o 49686
0 0 dk0yp9 31745
0 0 71i3ut 52415
0 0 zbd1jx 17873
0 0 9ggokw 20263
0 1 bfk07e 42675
0 1 u1p9ji 7258
0 1 1e811o 45741
0 1 bvye2c 92627
0 0 nkkvq4 79642
2 1 2
0 1 bxys2x 40757
0 1 5uk54k 97197
1 1a0ac8
0 0 rn81jz 17873
0 0 gdm6wd 17873
2 0 8
0 1 0jlntt 42675
0 1 3w55qp 51815
0 1 41zvlq 51815
0 0 n00btr 11668
0 1 9eui3q 21569
0 1 g5f4oq 40333
0 1 rwd4n7 55232
0 0 chabjx 52415
0 0 j5itw7 11668
0 0 ygt42v 25796
0 0 ru1g7x 9458
0 0 8jw597 5983
0 0 u14irw 31745
1 q3amov
0 0 wf5r0b 17873
0 0 p75276 17873
2 0 9
0 1 lgsyjs 71316
0 0 mhox2j 20263
0 1 ilpsw4 97197
0 1 7utiph 34590
0 0 fs9zz5 9458
0 1 18wcu5 55232
0 1 3szeio 67307
0 1 ozcueg 40333
2 1 10
0 0 9c7okh 52415
0 1 9lo6uu 21569
0 0 7vz1s0 17873
0 1 38kpj7 65368
0 1 db5pby 38324
2 1 9
0 0 xu5fq0 31745
0 0 agfaon 9458
0 0 oh12ug 79642
0 1 qcshjz 71316
0 1 6qyduk 67307
0 0 ymr3yk 31745
0 1 hyrlbh 77844
0 1 49b3fc 13798
0 1 g085zf 38324
0 1 6t4c0j 55232
0 0 ne2y3v 11668
0 0 u3q8jq 11668
1 ejjfl0
2 0 3
1 jf5nuo
0 0 a7jorf 9458
2 1 6
0 1 dnbj1k 92219
0 0 ewjasn 79642
0 1 xrqdx7 71316
2 1 18
0 1 c2uowf 49375
2 0 6
0 1 aihbtw 97197
0 0 mnwqo2 6386
0 0 zovb9o 6386
0 0 uenwld 79642
0 1 09jhaq 62471
0 1 5zbnj8 38324
0 1 pjat2q 21569
0 0 kvpgmv 25796
0 0 wshdvg 11668
0 0 be66jz 9458
0 1 fzki74 42675
2 0 2
0 1 p1ziuw 40333
0 1 n4tzhz 2054
2 0 8
1 vsiynx
0 0 ile01k 31745
0 0 xpnz8x 9458
0 0 r6voiu 5983
1 qc8abf
0 0 pu6v8l 11668
0 1 va1le5 80655
1 2hlxgu
0 0 hjnumw 9458
0 1 plwt3x 55232
0 0 0q75gu 20263
0 0 izbftl 25796
0 1 nf97cx 24244
0 0 7o61vo 6386
0 0 b25noe 79642
0 1 y8878q 92627
0 0 fvct3y 11668
0 1 e1rir9 92219
1 p1ivai
0 1 c06y5j 21569
0 0 09jhaq 20263
2 0 7
0 0 02lmx2 6386
0 0 38j168 79642
0 0 vu4ed1 5983
1 up8wg7
0 1 d9n8iw 40757
0 1 c0xhcs 42675
0 0 n69187 20263
0 0 isdvol 52415
2 1 11
0 1 w6tmro 97197
0 1 3yldtf 80655
1 mrkq0x
0 0 1a0ac8 17873
0 0 512nob 17873
0 0 a3q9pj 31745
0 0 pga8zj 31745
2 0 2
1 mqwrei
2 0 3
0 1 f3n2wd 13798
0 0 2aki84 17873
0 0 lpve1k 31745
2 0 10
2 0 10
0 1 4gto5y 77844
0 0 bvo34y 6386
0 0 l7xw8l 5983
2 1 11
0 1 7ro18t 21569
0 1 1o9ds3 62471
1 inwwzk
0 0 n8qz1m 9458
0 0 my1x3v 20263
0 0 f0d6r3 11668
0 1 mf4ajo 38324
0 0 fzki74 9458
0 0 w47g72 20263
0 0 72m7ah 79642
0 1 32sqle 49375
0 0 irq2lb 52415
0 1 24x6qe 24244
0 0 t4pumv 17873
0 1 2rswyi 42675
0 0 1q4wmm 5983
0 0 ujlcwx 5983
1 vnuomr
0 1 8enzod 80655
0 0 vqijkk 5983
0 1 l0j98i 33732
1 lgb1pc
0 1 00gh59 54402
0 1 e3z07v 54402
0 1 0z3lhe 67307
2 1 19
0 0 z8honh 31745
0 0 09jhaq 5983
1 0q1do8
0 0 nq3e6f 6386
0 0 945h13 25796
2 1 2
0 0 mhox2j 17873
0 1 dkrt9i 92219
0 1 ikkkgn 55232
2 0 6
0 0 n0o6we 9458
0 1 w8cybh 80655
0 0 un2ma1 79642
0 0 fgb0v0 5983
2 0 9
2 0 2
0 1 quaf1b 92627
0 0 v14359 11668
0 0 ull2j6 9458
0 1 mqwrei 7258
0 0 rk8j8i 11668
0 1 vyt2wy 54402
0 0 8ne284 31745
0 0 6awyih 5983
0 1 vulm25 33732
0 0 tvd83n 9458
1 z11m1x
0 1 2l08gv 97197
0 1 phqze1 65368
1 vajabw
1 jqdn82
0 1 5hqfvs 42675
0 0 vsiynx 6386
0 1 45xq3q 40333
0 1 spvzsg 21569
0 0 hk0x4z 52415
0 1 9jlvxx 62471
1 hgielx
0 0 73ia11 9458
0 1 2u1d67 13798
0 0 i2eji1 79642
0 0 5eaq3w 20263
0 1 qind4s 34590
0 0 i0u40o 9458
0 0 0w53rd 52415
0 1 fiblae 21569
0 0 gtjnla 9458
0 0 fne6os 9458
0 1 3tgrmq 13798
2 1 25
0 1 hk0x4z 40757
0 0 o236ye 5983
0 0 bwmpzs 52415
1 np6ew3
0 0 fl8c1h 17873
0 1 ocktxl 7258
0 1 4mugq7 45741
0 1 j3a8w7 38324
0 1 oj3mim 92627
1 bsm0pv
0 1 qc8abf 161
0 0 3u1qhy 25796
0 1 z2cngn 45741
2 0 5
0 1 y644a6 54402
0 0 u92oem 25796
0 1 okw76j 54402
0 0 5xzxpr 25796
1 lowlfb
0 0 73x71n 9458
0 1 rrkykc 67307
0 0 nix2bq 31745
0 1 7vtbvv 80655
0 0 r1d9bc 52415
2 1 17
0 0 ckmzxa 5983
0 0 t4pumv 79642
0 1 bwfel1 71316
1 zj6wy1
0 0 lsw4l9 11668
1 v2ixup
0 0 fsdt3s 11668
0 1 i6gqzg 24244
0 0 p3527w 11668
0 1 zlifaj 45741
2 1 24
0 0 o7xbz6 25796
1 7hushh
0 1 brxbgm 65368
0 0 p0f2je 52415
0 1 m8qzwp 45741
0 1 dz9qd0 49375
0 1 c09lji 54402
1 9vn4f9
1 g8xrx9
0 0 jylq3p 17873
0 1 ulpjql 33732
0 0 dngk8i 5983
0 0 t4lihb 20263
0 0 58x14s 9458
0 1 itkijc 49375
0 0 4zptpb 9458
0 1 dbqmcu 67307
0 0 4ly55m 25796
0 1 yosvkn 24244
0 1 v14359 13798
0 1 hv0apl 42675
0 1 914fl3 97197
0 1 yhx8ao 80655
0 0 m31ru4 9458
0 1 4rdlrn 55232
0 0 zlifaj 9458
0 0 38fh7y 52415
0 1 bj7s3f 92219
0 1 4djhap 49686
2 0 6
0 0 s9y23g 6386
0 1 1fzc1d 62471
0 0 euo4yi 5983
0 0 bq41rs 52415
1 yyn48v
0 0 htmhkx 5983
0 1 8ntj7u 161
0 1 nxbh10 40757
2 0 10
0 1 07nfti 49686
0 0 t6di6w 31745
1 rhglpb
0 1 8ne7fj 97197
1 zxsimo
0 1 jotaec 97197
0 0 shlulf 11668
1 pmdib9
0 1 q0pmob 71316
0 1 zsktbv 51815
0 0 opz2my 11668
0 1 opnfxi 38324
1 ejvt0j
0 1 f3r1d5 92219
0 0 4lbd2g 31745
0 1 f1gxsh 161
0 0 6ahadb 52415
1 hmtfmy
2 1 22
0 0 wtrygm 9458
0 1 7exd42 34590
0 1 4lptzx 80655
0 0 u1p9ji 9458
0 0 gqyfdr 79642
1 gp7ago
0 0 5j24t2 79642
0 0 ojg53r 6386
0 0 pxkdga 6386
2 1 2
1 ovv3o8
0 0 meiwtw 5983
2 0 4
0 1 0q1do8 2054
1 fy73a0
0 0 qcshjz 31745
0 0 gypgll 11668
0 0 td37i0 9458
0 0 rn81jz 11668
0 1 fvf797 24244
0 0 8enzod 25796
1 ijpcgk
0 1 5empeo 24244
0 0 95rl2b 5983
2 0 7
0 0 c4ka5h 31745
0 0 5r6mee 25796
2 0 2
0 0 ihxnjd 79642
0 0 b94dzw 79642
0 0 yu8f1q 31745
1 e32g9k
1 pkfb6s
0 0 1n5dnn 5983
0 0 yoaf2i 25796
2 1 11
0 0 f7yxxs 20263
0 0 8l0qb9 52415
0 0 mli4o5 5983
0 1 o236ye 161
0 1 6pv7fk 33732
0 1 ohbofw 13798
0 0 8js23d 9458
2 0 3
2 0 7
0 0 6c4577 79642
1 zopp2w
0 0 5xzxpr 11668
0 1 nugbsf 92627
0 0 a0src1 11668
2 1 7
0 0 ki3xmj 11668
2 0 9
0 0 ifh897 52415
0 1 xs3nb8 7258
0 0 oj3mim 6386
2 1 14
0 0 3990jo 11668
0 1 41xrvu 67307
0 0 6cksyw 31745
0 1 n621x8 38324
0 0 0ate4f 9458
0 0 445ayt 9458
0 0 i2eji1 17873
0 1 0iokgk 34590
1 6cksyw
0 1 7utiph 71316
0 0 rqkjc0 11668
0 0 iawgz4 11668
1 bplhqx
0 1 h3hizi 77844
0 1 f07k37 92627
0 0 394pk5 25796
2 1 6
0 0 h3v5on 6386
0 1 4h85w6 45741
2 1 12
0 0 kklkea 6386
0 0 41xrvu 79642
0 1 3ozgqu 24244
0 0 ahfq92 20263
0 1 dp87pu 24244
0 1 3wx7ca 71316
0 0 cheukm 17873
0 1 vtmbgt 97197
1 445ayt
0 0 3ozgqu 52415
0 0 830nni 52415
0 0 914fl3 17873
0 1 hesqp9 7258
2 0 5
0 1 neyw8q 54402
0 0 yswpyv 52415
0 0 txfs3k 11668
0 1 dbqmcu 38324
0 0 iudbgx 31745
2 1 15
0 1 ir3hw7 97197
0 0 upoeso 5983
0 0 hend2j 9458
0 0 aq85hv 25796
0 1 b88b6i 161
0 0 oeqpmz 9458
0 1 1aqies 97197
0 1 eaejz4 92627
0 1 0htuoo 92627
0 1 996ca8 67307
0 0 00i6d2 11668
0 1 37w497 2054
1 b6lt1w
0 1 x1bsue 2054
0 0 rx2mwb 20263
1 m4zbp1
1 t8o6vs
0 0 jkxvtg 9458
0 0 7g7kpl 5983
0 1 wkd54j 7258
1 4lbd2g
0 0 nfaeau 6386
0 0 u8unwi 11668
0 1 654lqx 33732
2 1 4
0 0 oo6goo 52415
0 0 0iokgk 79642
1 m11psd
0 1 1thufk 161
2 0 9
0 0 3k5xr6 31745
0 1 mla9s3 71316
0 0 helodp 52415
0 1 4q6z0z 65368
0 1 m31ru4 33732
0 0 n0o6we 6386
0 0 22q757 5983
0 0 hmfxg3 20263
0 0 d6me4k 52415
0 1 2prqzs 7258
0 1 ymr3yk 161
0 0 bo9utm 5983
1 6mohvm
0 1 4mbh5k 21569
2 1 18
0 0 rgwg9o 25796
0 1 5f1yyh 21569
0 0 m1uiim 9458
0 1 6tlnqe 65368
2 0 2
0 1 yu0tek 40757
0 1 vsiynx 49375
0 0 kel9xz 79642
0 0 gp7ago 20263
0 0 lzzp4r 79642
2 0 10
0 1 7bzr3o 40333
0 0 1hk3zo 25796
1 p3527w
0 0 4b90y2 5983
0 0 7vs7us 11668
0 1 spvzsg 65368
0 0 vulm25 5983
0 1 2ddjlj 49686
0 0 h15o8s 31745
1 fpl4ev
0 0 hgt2kb 9458
0 1 swdw43 21569
2 1 27
0 0 6t4c0j 17873
0 1 kxsfmw 38324
0 0 oudzdf 52415
0 0 17o8gz 31745
0 1 s68z01 80655
0 1 16zmmc 71316
0 0 km27ct 52415
0 0 07nfti 11668
0 0 do0auh 11668
1 2l08gv
2 0 1
0 1 grwx4n 77844
0 0 qjzhf9 11668
0 1 mt63v9 80655
0 1 kxnjmx 71316
0 1 kxsfmw 40333
0 1 8g3ka0 24244
2 1 16
0 0 ps2yqi 52415
0 0 vsg9mh 11668
0 0 kbkqld 9458
0 0 d6r5of 31745
0 1 a1doex 92627
0 1 va2v50 24244
0 0 41zvlq 6386
2 0 9
0 0 mr54qb 6386
1 2wjqoa
1 iefgi6
0 1 3bwfsv 77844
0 0 6hkf2y 31745
1 6l4yd9
0 1 26t8vq 49375
0 0 wpuu7t 5983
2 1 13
0 1 4ys3ot 40333
0 1 jwl83j 21569
0 0 4oifff 25796
0 1 0xls66 54402
0 1 e5much 80655
1 jfnws3
0 0 w8mww5 79642
0 0 tafiby 11668
0 0 fkkpf5 6386
0 0 ifpp3z 5983
2 0 7
0 0 0mauow 5983
2 1 12
0 1 baof7e 7258
0 1 263r09 2054
0 0 wy011n 31745
0 1 z11m1x 67307
0 0 hvtap1 17873
0 1 4b90y2 97197
0 1 f71pcw 62471
2 1 19
0 0 ps0qtm 11668
0 0 ase101 6386
0 0 9tgxdr 17873
2 0 2
0 0 mh9yoj 52415
0 1 jo6n1b 71316
2 0 3
0 1 9i20j0 33732
1 hyrlbh
1 d7s68h
0 0 d54ddh 17873
2 0 3
0 0 bb98sc 52415
0 1 8uabnn 65368
0 1 0ate4f 65368
0 0 cheukm 25796
0 0 r80tdh 20263
0 0 mgyv2v 6386
0 1 awsh1g 7258
0 1 g4b5u6 62471
0 1 l00srr 161
0 1 sp5d6x 92627
0 0 7xr74c 31745
0 1 82j5nl 71316
0 0 gghwnf 9458
0 1 scgjrn 42675
0 1 y1x54x 67307
0 1 ii4jhj 7258
0 1 slz21i 161
0 1 5tmn27 34590
0 0 dbp7g5 6386
0 0 ck3evr 17873
1 n5qwd3
0 1 3uy814 80655
0 0 qf0k9g 25796
0 0 5mljqd 25796
0 0 weaegu 52415
0 0 iphbmo 31745
0 1 h5ts2x 2054
0 1 jtpstn 24244
0 0 my1x3v 17873
0 1 hvtap1 92627
0 0 lpve1k 6386
0 0 w08hyt 25796
0 1 3yobgl 2054
2 0 3
0 0 7a01rw 5983
0 1 hvtap1 97197
1 jwhk8y
0 1 gg3hcu 13798
0 0 spvzsg 20263
0 0 pii3xn 20263
0 0 olvau7 9458
1 1flvjo
1 pfwefx
0 1 1oc5lp 51815
0 0 01fwl8 20263
0 1 urcptu 71316
0 0 3n7tqh 25796
0 1 2m2zk4 55232
1 ty1e26
0 1 frpwys 97197
0 1 46d0te 24244
0 1 lnjaqw 7258
0 1 gq37xz 33732
0 1 fqq2vy 33732
0 1 lucb1p 161
0 1 6v70zm 24244
0 1 w47g72 45741
0 0 bl2l53 20263
0 0 yi07d0 79642
1 xxg8xr
0 1 g5hglr 97197
2 0 5
0 1 lyulfn 80655
0 0 7ro18t 25796
2 1 2
1 5iatnq
1 shhzwl
0 1 voypna 42675
0 0 otl51d 5983
0 1 5zbnj8 34590
0 1 brxbgm 42675
0 1 2prqzs 92627
0 0 iiu6pm 79642
0 0 7lk078 9458
0 1 ohlxlh 80655
0 0 twncku 11668
0 1 n4po67 33732
0 1 41i4vl 33732
1 f0d6r3
0 0 fqq010 5983
0 1 pfwefx 54402
0 1 f33qij 55232
0 1 rjylow 40757
2 0 8
0 1 mvdfbs 62471
1 o71mm2
2 1 17
0 1 0u6zuh 161
0 1 ye3i8m 49375
0 1 29op3y 7258
0 0 ibnhei 17873
2 0 7
0 0 406p9k 6386
0 0 pgq63b 11668
0 0 qa7x9h 52415
0 0 9vn4f9 9458
0 0 m3rsn0 5983
0 1 o2jwr0 38324
0 0 n8qz1m 79642
2 1 5
0 0 088nzh 25796
0 1 o0291d 49375
0 0 xrqdx7 20263
2 1 25
0 1 me7rht 92219
0 0 jotaec 52415
0 0 99vwkp 11668
0 1 upoeso 38324
2 1 22
0 0 9czpkl 20263
0 0 7exd42 52415
0 0 80q2mi 17873
1 x1e03h
0 0 y8f0zc 9458
0 1 dmd01c 24244
0 1 yq3b4j 54402
0 1 va1le5 7258
0 0 w3ol16 17873
0 0 78rdq7 17873
1 ugaldz
0 1 a4g59b 62471
0 1 551uph 2054
0 1 7vtbvv 62471
0 1 05dh2x 40333
0 1 dkrt9i 38324
1 b94dzw
2 0 2
0 1 motywy 7258
0 0 rjylow 5983
0 1 vqxyte 67307
0 1 2doccd 40333
0 1 zxsimo 54402
0 1 phtcht 40333
1 aihbtw
0 1 c1oaae 92627
0 0 voetzc 11668
1 p75276
0 0 fxknvr 11668
0 1 d0299z 24244
0 0 bw3wul 52415
0 0 d6me4k 31745
2 1 22
0 0 5qn0ng 79642
1 fn6ib9
0 1 w43ejn 38324
0 1 nkkvq4 45741
0 1 qlxfln 42675
0 1 043k1f 34590
0 0 roy7pf 9458
0 1 p9gycq 92627
0 0 o6lig5 6386
0 0 8euli9 17873
0 1 mle926 80655
0 0 gg8hit 11668
0 1 5geqg2 13798
0 0 sv63hc 52415
2 0 8
2 0 10
1 ejpnaj
2 0 1
0 0 xsj6k1 5983
0 1 g56er9 51815
0 1 6c4577 21569
0 1 3ys8dd 49375
0 0 ok8quc 25796
0 1 2zsc0h 80655
0 1 g6qya3 77844
0 0 5mva3a 17873
0 0 8i2fuu 31745
0 0 986dxm 6386
0 0 alngbj 31745
0 0 pz5nkk 6386
0 0 c4kkq6 9458
0 1 ugw6z1 67307
2 1 22
0 0 ry0jin 31745
2 0 8
1 cb3lu1
2 0 10
0 0 xu5fq0 52415
0 1 whg99m 54402
1 2mdrzo
0 0 lv6xv2 52415
0 0 hxpfdr 9458
0 1 x6ycih 49375
2 1 25
0 0 u8unwi 9458
0 1 vic58k 45741
2 1 1
0 0 hu5l5h 11668
0 1 fne6os 13798
0 0 216u37 9458
1 ze69r2
0 1 hk0x4z 97197
0 1 3rbv23 80655
0 1 9espct 42675
0 0 qf0k9g 6386
0 0 457es6 20263
0 1 fgn6bz 24244
0 0 68527h 31745
2 1 25
0 0 eqyfl6 25796
1 v2mx6x
0 1 0htuoo 80655
2 0 3
0 1 f33qij 38324
0 0 64ecb6 31745
0 0 t5leem 11668
0 1 9lewfw 67307
0 1 rhglpb 51815
1 d6me4k
2 0 8
1 qwtbu4
0 1 boymfq 42675
1 fiblae
1 ysjd85
2 0 8
0 0 wt8kj4 20263
0 1 5p5vgf 65368
0 0 32sqle 5983
0 1 6ipr37 38324
0 0 oamjyt 20263
0 0 urdiu0 5983
0 0 7d653t 17873
0 0 pg30rx 11668
0 0 laq2li 52415
0 1 pxw038 54402
1 5pa3ka
0 1 hvgb4n 71316
0 1 uou2kg 161
0 1 o68k3v 161
0 1 b7q7ym 62471
0 1 86btfd 161
0 0 m11psd 31745
0 1 8lkyn1 49375
0 0 f71pcw 20263
0 1 vnuomr 49375
1 j0feie
0 1 qlrg2f 71316
0 1 71i3ut 21569
0 0 oelwqr 20263
1 gtjnla
1 7mnknz
0 0 6npjvm 31745
1 mo1nxk
1 pgepx6
0 1 ztxpno 42675
2 0 6
0 1 t4pumv 54402
0 1 x8t5qm 45741
1 iavste
0 0 psn98j 11668
1 n0o6we
2 1 24
1 b906n5
1 pwxdeh
0 1 odkkui 7258
0 0 ed0v9i 9458
2 0 10
0 0 0n2jmd 52415
0 1 e3ubjh 67307
0 0 uurpu1 20263
1 g82pf5
0 1 q1diiz 62471
0 1 8i2fuu 55232
0 0 j0rcd7 17873
2 0 2
2 1 18
0 1 ht0dxt 97197
0 1 m2pytk 92219
0 1 gu126s 49375
0 0 yms630 11668
0 0 o2jwr0 20263
0 0 h3v5on 17873
0 0 y8f0zc 25796
0 1 dawd0a 67307
0 1 phtcht 97197
0 0 9c7okh 79642
2 1 4
0 0 7sh1t2 5983
0 0 78c0dy 25796
2 0 1
0 0 l4dtg8 52415
0 0 v7zgg9 17873
2 1 19
0 1 gwycbk 13798
0 0 cq542x 25796
1 ql51hh
0 0 nik568 31745
0 1 yoeexg 62471
0 0 d7t4w9 17873
2 0 10
0 1 5cjj04 97197
0 1 pmmlxq 161
0 0 lym893 5983
0 1 zcbaju 161
0 1 w62skz 65368
0 1 xqiiwe 13798
0 0 rm11lk 6386
2 0 4
1 htdcro
0 0 nus5na 5983
2 1 23
0 0 n8qz1m 11668
2 1 24
0 1 2yz7pg 97197
2 1 15
0 1 zfgw2i 71316
1 t1i3pu
0 0 z5ckqq 11668
0 1 qn86um 92219
3
